8.368785595384784504e-01 0.000000000000000000e+00
8.369961307462869815e-01 7.975732037117695336e-03
8.373481193343758067e-01 1.594456059285074070e-02
8.379323557853853854e-01 2.389973452470936163e-02
8.387452384378376591e-01 3.183480518035908258e-02
8.397817568219445583e-01 3.974377187369011744e-02
8.410355201700878691e-01 4.762122082520123256e-02
8.424987959239941260e-01 5.546245469397732136e-02
8.441625508484663643e-01 6.326361127926040384e-02
8.460164991093687137e-01 7.102176830027437382e-02
8.480491537233347810e-01 7.873503218381509849e-02
8.502478793033036997e-01 8.640260874625003973e-02
8.525989481709946860e-01 9.402485249046244054e-02
8.550875967288419366e-01 1.016032924930181242e-01
8.576980852265256861e-01 1.091406311692534048e-01
8.604137589662379515e-01 1.166407138792139031e-01
8.632171171472213800e-01 1.241084650417744323e-01
8.660898876614132602e-01 1.315497897954457096e-01
8.690131196625802135e-01 1.389714364580243722e-01
8.719672915017904202e-01 1.463808219427476798e-01
8.749324486768556008e-01 1.537858180564516397e-01
8.778883722994699212e-01 1.611945048533193481e-01
8.808147867437299272e-01 1.686148972295510584e-01
8.836916107378272045e-01 1.760546558428259245e-01
8.864992444189404575e-01 1.835208006063226427e-01
8.892187230763967110e-01 1.910195045175629713e-01
8.917956568004743456e-01 1.985683810630181068e-01
8.941505606227349023e-01 2.061894408649559973e-01
8.963565841160292536e-01 2.138549209454105038e-01
8.984027046569312835e-01 2.215646236147039150e-01
9.002807409337214573e-01 2.293169848201606908e-01
9.019846842459375846e-01 2.371094620710459955e-01
9.035115213976817605e-01 2.449385675645787686e-01
9.048603769530103591e-01 2.528002921341417353e-01
9.060324319455037578e-01 2.606903118813529430e-01
9.070304944165751282e-01 2.686042234186807320e-01
9.078592638353709665e-01 2.765376505323107748e-01
9.085241839176558809e-01 2.844864872900373376e-01
9.090315640696553512e-01 2.924469326229423016e-01
9.093880240772288515e-01 3.004155624160630422e-01
9.096006321149889828e-01 3.083893270438339829e-01
9.096767009891590927e-01 3.163655628755527305e-01
9.096236204343938203e-01 3.243419848159666552e-01
9.094475922253973943e-01 3.323166408327769550e-01
9.091561792697950839e-01 3.402879144453258564e-01
9.087550403131258170e-01 3.482544200816919955e-01


== alpha 89.15545731782913
[0.83699613 0.00797573]
== alpha 87.4708503484726
[0.83734812 0.01594456]
== alpha 85.79967767000198
[0.83793236 0.02389973]
== alpha 84.15092289447784
[0.83874524 0.03183481]
== alpha 82.53359109163284
[0.83978176 0.03974377]
== alpha 80.95673739910126
[0.84103552 0.04762122]
== alpha 79.42945092916489
[0.8424988  0.05546245]
== alpha 77.96087980270386
[0.84416255 0.06326361]
== alpha 76.5602096915245
[0.8460165  0.07102177]
== alpha 75.23665130138397
[0.84804915 0.07873503]
== alpha 73.99942427873611
[0.85024788 0.08640261]
== alpha 72.85770535469055
[0.85259895 0.09402485]
== alpha 71.82057827711105
[0.8550876  0.10160329]
== alpha 70.89693903923035
[0.85769809 0.10914063]
== alpha 70.0953957438469
[0.86041376 0.11664071]
== alpha 69.42410409450531
[0.86321712 0.12410847]
== alpha 68.89060288667679
[0.86608989 0.13154979]
== alpha 68.50155293941498
[0.86901312 0.13897144]
== alpha 68.26249748468399
[0.87196729 0.14638082]
== alpha 68.17752420902252
[0.87493245 0.15378582]
== alpha 68.24895054101944
[0.87788837 0.1611945 ]
== alpha 68.47698211669922
[0.88081479 0.1686149 ]
== alpha 68.85938912630081
[0.88369161 0.17605466]
== alpha 69.39129710197449
[0.88649924 0.1835208 ]
== alpha 70.06632596254349
[0.88921872 0.1910195 ]
== alpha 71.1518132686615
[0.89179566 0.19856838]
== alpha 72.82887607812881
[0.89415056 0.20618944]
== alpha 73.94488334655762
[0.89635658 0.21385492]
== alpha 75.13660043478012
[0.8984027  0.22156462]
== alpha 76.3822478055954
[0.90028074 0.22931698]
== alpha 77.66555160284042
[0.90198468 0.23710946]
== alpha 78.96465182304382
[0.90351152 0.24493857]
== alpha 80.26441186666489
[0.90486038 0.25280029]
== alpha 81.55055522918701
[0.90603243 0.26069031]
== alpha 82.81209379434586
[0.90703049 0.26860422]
== alpha 84.03619945049286
[0.90785926 0.27653765]
== alpha 85.2183410525322
[0.90852418 0.28448649]
== alpha 86.35303437709808
[0.90903156 0.29244693]
== alpha 87.43870049715042
[0.90938802 0.30041556]
== alpha 88.47265899181366
[0.90960063 0.30838933]
== alpha 89.45359021425247
[0.9096767  0.31636556]
== alpha 90.38127958774567
[0.90962362 0.32434198]
== alpha 91.26451045274734
[0.90944759 0.33231664]
== alpha 92.09368050098419
[0.90915618 0.34028791]
== alpha 92.8825905919075
[0.90875504 0.34825442]
==== Finished ====
