8.368785595384784504e-01 0.000000000000000000e+00 0.000000000000000000e+00
8.369961307462869815e-01 7.975732037117695336e-03 0.000000000000000000e+00
8.373481193343758067e-01 1.594456059285074070e-02 0.000000000000000000e+00
8.379323557853853854e-01 2.389973452470936163e-02 0.000000000000000000e+00
8.387452384378376591e-01 3.183480518035908258e-02 0.000000000000000000e+00
8.397817568219445583e-01 3.974377187369011744e-02 0.000000000000000000e+00
8.410355201700878691e-01 4.762122082520123256e-02 0.000000000000000000e+00
8.424987959239941260e-01 5.546245469397732136e-02 0.000000000000000000e+00
8.441625508484663643e-01 6.326361127926040384e-02 0.000000000000000000e+00
8.460164991093687137e-01 7.102176830027437382e-02 0.000000000000000000e+00
8.480491537233347810e-01 7.873503218381509849e-02 0.000000000000000000e+00
8.502478793033036997e-01 8.640260874625003973e-02 0.000000000000000000e+00
8.525989481709946860e-01 9.402485249046244054e-02 0.000000000000000000e+00
8.550875967288419366e-01 1.016032924930181242e-01 0.000000000000000000e+00
8.576980852265256861e-01 1.091406311692534048e-01 0.000000000000000000e+00
8.604137589662379515e-01 1.166407138792139031e-01 0.000000000000000000e+00
8.632171171472213800e-01 1.241084650417744323e-01 0.000000000000000000e+00
8.660898876614132602e-01 1.315497897954457096e-01 0.000000000000000000e+00
8.690131196625802135e-01 1.389714364580243722e-01 0.000000000000000000e+00
8.719672915017904202e-01 1.463808219427476798e-01 0.000000000000000000e+00
8.749324486768556008e-01 1.537858180564516397e-01 0.000000000000000000e+00
8.778883722994699212e-01 1.611945048533193481e-01 0.000000000000000000e+00
8.808147867437299272e-01 1.686148972295510584e-01 0.000000000000000000e+00
8.836916107378272045e-01 1.760546558428259245e-01 0.000000000000000000e+00
8.864992444189404575e-01 1.835208006063226427e-01 0.000000000000000000e+00
8.892187230763967110e-01 1.910195045175629713e-01 0.000000000000000000e+00
8.917956568004743456e-01 1.985683810630181068e-01 0.000000000000000000e+00
8.941505606227349023e-01 2.061894408649559973e-01 0.000000000000000000e+00
8.963565841160292536e-01 2.138549209454105038e-01 0.000000000000000000e+00
8.984027046569312835e-01 2.215646236147039150e-01 0.000000000000000000e+00
9.002807409337214573e-01 2.293169848201606908e-01 0.000000000000000000e+00
9.019846842459375846e-01 2.371094620710459955e-01 0.000000000000000000e+00
9.035115213976817605e-01 2.449385675645787686e-01 0.000000000000000000e+00
9.048603769530103591e-01 2.528002921341417353e-01 0.000000000000000000e+00
9.060324319455037578e-01 2.606903118813529430e-01 0.000000000000000000e+00
9.070304944165751282e-01 2.686042234186807320e-01 0.000000000000000000e+00
9.078592638353709665e-01 2.765376505323107748e-01 0.000000000000000000e+00
9.085241839176558809e-01 2.844864872900373376e-01 0.000000000000000000e+00
9.090315640696553512e-01 2.924469326229423016e-01 0.000000000000000000e+00
9.093880240772288515e-01 3.004155624160630422e-01 0.000000000000000000e+00
9.096006321149889828e-01 3.083893270438339829e-01 0.000000000000000000e+00
9.096767009891590927e-01 3.163655628755527305e-01 0.000000000000000000e+00
9.096236204343938203e-01 3.243419848159666552e-01 0.000000000000000000e+00
9.094475922253973943e-01 3.323166408327769550e-01 0.000000000000000000e+00
9.091561792697950839e-01 3.402879144453258564e-01 0.000000000000000000e+00
9.087550403131258170e-01 3.482544200816919955e-01 0.000000000000000000e+00
8.397817568219445583e-01 3.974377187369011744e-02 0.000000000000000000e+00
8.440070234156831219e-01 3.651493310799364123e-02 -3.653769269091915184e-02
8.462131372716128475e-01 3.167640655358659046e-02 -5.792079605556839372e-02
8.476079059493970558e-01 2.654484754111298070e-02 -7.263825932152670473e-02
8.485533624925883922e-01 2.131183793974936180e-02 -8.331278635238514862e-02
8.491994608942368128e-01 1.603350160919836051e-02 -9.100996045048483085e-02
8.496222013671422824e-01 1.073259903929624226e-02 -9.625461419777407712e-02
8.498629854368844327e-01 5.420320752648829718e-03 -9.932467769796189672e-02
8.499430168421714393e-01 1.031906491818319546e-04 -1.003593799659906194e-01
8.498690044755364825e-01 -5.214026643031479703e-03 -9.940224210159287477e-02
8.397817568219445583e-01 3.974377187369011744e-02 0.000000000000000000e+00
8.351016704624523168e-01 3.721888192941093243e-02 3.607146785628847357e-02
8.322712491475373620e-01 3.271699424277300927e-02 5.633782073912162874e-02
8.302892551826315248e-01 2.778242460742445796e-02 6.998349633486698751e-02
8.288295109986058007e-01 2.266896936852480851e-02 7.978211052238186329e-02
8.277572893904439066e-01 1.746045533993490634e-02 8.685480282095425775e-02
8.270051109170881709e-01 1.219618852420003424e-02 9.175693998479822477e-02
8.265363527326378135e-01 6.899156966097144163e-03 9.478809289273734673e-02
8.263316442488438662e-01 1.585366228808934852e-03 9.610619157448831162e-02
8.263832396739250186e-01 -3.732115832762864134e-03 9.577429215767040149e-02
8.441625508484663643e-01 6.326361127926040384e-02 0.000000000000000000e+00
8.487739158536764528e-01 6.061529287851048081e-02 -3.808308809784548971e-02
8.517235600291144237e-01 5.619060342033019295e-02 -6.566414338500968506e-02
8.537236113269643933e-01 5.126332502663295126e-02 -8.663228330900936414e-02
8.551630275433449446e-01 4.614411038774077906e-02 -1.034199837542895961e-01
8.562315532059013856e-01 4.093483688066846399e-02 -1.172024902967124527e-01
8.570359243325195164e-01 3.567829194566693451e-02 -1.286127171356346577e-01
8.576430908635246375e-01 3.039533573094639271e-02 -1.380242643103836708e-01
8.580981362424646708e-01 2.509710854950801540e-02 -1.456718828003562005e-01
8.584326658011690592e-01 1.978990895486488349e-02 -1.517088808011092804e-01
8.586691129889643115e-01 1.447743586877673835e-02 -1.562370513816030981e-01
8.588230917440669021e-01 9.161933248515486544e-03 -1.593232619751853707e-01
8.589047245954970489e-01 3.844827490624775496e-03 -1.610089474190973813e-01
8.589193786282995902e-01 -1.472884688719815378e-03 -1.613154312326405271e-01
8.441625508484663643e-01 6.326361127926040384e-02 0.000000000000000000e+00
8.390330324049860566e-01 6.186135663012460456e-02 3.784654819388649089e-02
8.351874827237004695e-01 5.818847966352312662e-02 6.411529578264697771e-02
8.322358399998148748e-01 5.376512315589680041e-02 8.334388646967640091e-02
8.298569661022425770e-01 4.900915463807876959e-02 9.834122330453154426e-02
8.278903707154040559e-01 4.406842795595066614e-02 1.104379016638810940e-01
8.262481162252997002e-01 3.901063419258314624e-02 1.203463830552962965e-01
8.248775034309754339e-01 3.387257053678227603e-02 1.284890379911799163e-01
8.237449001692358497e-01 2.867685235596029864e-02 1.351343982293576607e-01
8.228279509618074972e-01 2.343877239150540803e-02 1.404610809699737561e-01
8.221114696787809040e-01 1.816952841024018633e-02 1.445908442984677744e-01
8.215851265559205308e-01 1.287790857506261079e-02 1.476069149601315356e-01
8.212420902969912451e-01 7.571252029921691530e-03 1.495646146674991239e-01
8.210782237096512226e-01 2.256045043869247570e-03 1.504975949090609777e-01
8.210916335395781473e-01 -3.061670418572167221e-03 1.504212989295618808e-01
8.502478793033036997e-01 8.640260874625003973e-02 0.000000000000000000e+00
8.550205952147941213e-01 8.405751591413586354e-02 -3.672247849219861804e-02
8.585120418800731290e-01 8.004652130599444748e-02 -6.684764923349843790e-02
8.610448129692027663e-01 7.537069537113585960e-02 -9.146299090196322035e-02
8.629350308452720109e-01 7.040024730843411072e-02 -1.122149991268074076e-01
8.643726236771873683e-01 6.528052032228995327e-02 -1.301148875494638202e-01
8.654752014189319720e-01 6.007834771015599373e-02 -1.457628834312478250e-01
8.663214461256067978e-01 5.482838128555364565e-02 -1.595302825637736066e-01
8.669677503858173040e-01 4.955007015733649961e-02 -1.716567901717855338e-01
8.674567322300398287e-01 4.425486720380884809e-02 -1.823025671392863312e-01
8.678218271474423817e-01 3.894968263922355539e-02 -1.915774468846717649e-01
8.680898836599044710e-01 3.363871066893846934e-02 -1.995581808448584904e-01
8.682826888075291238e-01 2.832447471839237216e-02 -2.062990756812538851e-01
8.684178903132131477e-01 2.300846135160256045e-02 -2.118387749999081637e-01
8.685095667654451068e-01 1.769151928015460021e-02 -2.162046933431522322e-01
8.685685855414871925e-01 1.237411442937431938e-02 -2.194159579801386317e-01
8.686028276398133352e-01 7.056492306495579063e-03 -2.214853555414705855e-01
8.686173258914438033e-01 1.738779700146225043e-03 -2.224205833663669973e-01
8.686143440207613198e-01 -3.578951834208852524e-03 -2.222249876469632457e-01
8.502478793033036997e-01 8.640260874625003973e-02 0.000000000000000000e+00
8.449650210604859879e-01 8.579459036715285369e-02 3.684835050272539797e-02
8.404554763196208089e-01 8.297638459163501901e-02 6.612982554965617099e-02
8.367687260981864217e-01 7.914413324708827191e-02 8.894822158886787900e-02
8.336757430759034193e-01 7.481842710971645105e-02 1.074348304381317065e-01
8.310185660914669592e-01 7.021216093889995347e-02 1.228894485625962874e-01
8.287003376359193263e-01 6.542633871164196813e-02 1.360743912632967623e-01
8.266598960046349642e-01 6.051564878940612902e-02 1.474619888543473312e-01
8.248569555684032162e-01 5.551288122070702213e-02 1.573617112623734993e-01
8.232640115614829890e-01 5.043934133677546727e-02 1.659857139833544604e-01
8.218617576060563978e-01 4.530982270365622316e-02 1.734846121899480120e-01
8.206363637209773687e-01 4.013520316310658503e-02 1.799681571805000491e-01
8.195777826465594496e-01 3.492389971081065470e-02 1.855178218721531269e-01
8.186786548477793524e-01 2.968273125668822315e-02 1.901947840543034007e-01
8.179335775409852793e-01 2.441745468561166976e-02 1.940451696911137947e-01
8.173386058081695271e-01 1.913311118805424357e-02 1.971035798996931265e-01
8.168909081126485283e-01 1.383425807285541473e-02 1.993954948942937011e-01
8.165885282464004913e-01 8.525129709412410106e-03 2.009389197837864738e-01
8.164302258126198142e-01 3.209754096862879255e-03 2.017454762504817256e-01
8.164153763895297677e-01 -2.107957540454536739e-03 2.018210835911966039e-01
8.576980852265256861e-01 1.091406311692534048e-01 0.000000000000000000e+00
8.625462570625195280e-01 1.069557953832724201e-01 -3.413473178732617103e-02
8.664313761182905749e-01 1.033247999983247234e-01 -6.419046879949491524e-02
8.694578605488876288e-01 9.895230991207175364e-02 -9.019640339271943474e-02
8.718286281796538972e-01 9.419229537386515638e-02 -1.130409381629711996e-01
8.736973125869200718e-01 8.921371162453768655e-02 -1.334447495934112937e-01
8.751704019515099686e-01 8.410408489776408092e-02 -1.518936926959303935e-01
8.763238715060560624e-01 7.891295924432797926e-02 -1.687074188891221627e-01
8.772148128360935937e-01 7.367039297298165479e-02 -1.840972466065322055e-01
8.778884136507933977e-01 6.839549586446257157e-02 -1.982038092053703404e-01
8.783820660887764475e-01 6.310072629124216514e-02 -2.111208685084384196e-01
8.787277877511258106e-01 5.779424401998094901e-02 -2.229106458975850802e-01
8.789536421769792440e-01 5.248131005263770299e-02 -2.336139506862677240e-01
8.790845567120979531e-01 4.716518938550440243e-02 -2.432570253737644239e-01
8.791427736701786788e-01 4.184777569567181554e-02 -2.518562397587659207e-01
8.791480803726474669e-01 3.653004597313644353e-02 -2.594213339310230682e-01
8.791179117597012205e-01 3.121239917988098342e-02 -2.659576752748497031e-01
8.790673809786070381e-01 2.589490689467838225e-02 -2.714678231342940729e-01
8.790092752075302496e-01 2.057749198869307516e-02 -2.759526209648949235e-01
8.789540373506768978e-01 1.526004651720985414e-02 -2.794119594123644079e-01
8.789097442853259778e-01 9.942498615461436290e-03 -2.818453036152505087e-01
8.788820888884119054e-01 4.624838157887193810e-03 -2.832520579211817990e-01
8.788743661875331181e-01 -6.928886048299647687e-04 -2.836317966872506924e-01
8.576980852265256861e-01 1.091406311692534048e-01 0.000000000000000000e+00
8.523805810277141903e-01 1.090913700420969717e-01 3.480305558883402955e-02
8.474636974869012018e-01 1.070658987860407807e-01 6.485784380211263855e-02
8.432196978993429237e-01 1.038617225949064610e-01 8.973074084331801592e-02
8.395561966196662951e-01 1.000072400178495802e-01 1.105454471683316731e-01
8.363416396422941324e-01 9.577109778673228990e-02 1.283432108207090694e-01
8.334771462882472060e-01 9.129081259629540090e-02 1.438447508463493729e-01
8.308964558810093548e-01 8.664126266269778220e-02 1.575313215534294986e-01
8.285541235582140063e-01 8.186719135482906085e-02 1.697297747734702600e-01
8.264184732131019118e-01 7.699715283686538181e-02 1.806690918379156574e-01
8.244670506264993870e-01 7.205041376435261657e-02 1.905143590822075406e-01
8.226837241907613008e-01 6.704062091567863924e-02 1.993875031412232768e-01
8.210567965959295611e-01 6.197787618932690257e-02 2.073803729426885734e-01
8.195777434134313699e-01 5.686997258350491580e-02 2.145632431380889993e-01
8.182403444891154232e-01 5.172316370029721166e-02 2.209905435235388071e-01
8.170400734159716238e-01 4.654265919648666733e-02 2.267047976240374463e-01
8.159736555276173586e-01 4.133295378730801606e-02 2.317394319329617036e-01
8.150387451044583953e-01 3.609804977064297316e-02 2.361207862673488367e-01
8.142336838765423801e-01 3.084161048322286991e-02 2.398696007412050579e-01
8.135573194494526428e-01 2.556706702195584574e-02 2.430021186394643595e-01
8.130088680278240165e-01 2.027769290008275826e-02 2.455309110908132086e-01
8.125878109920900982e-01 1.497665634713520044e-02 2.474654925694285690e-01
8.122938182290908582e-01 9.667056944324167733e-03 2.488127733033184685e-01
8.121266931999907568e-01 4.351951415016637979e-03 2.495773815171450916e-01
8.120863362652518402e-01 -9.656278162544539370e-04 2.497618786742059060e-01
8.660898876614132602e-01 1.315497897954457096e-01 0.000000000000000000e+00
8.709793090036462848e-01 1.294588960867307792e-01 -3.111819091978585555e-02
8.751458638362609177e-01 1.261546414975923402e-01 -5.954701742626446886e-02
8.786032455534943386e-01 1.221142468108857432e-01 -8.513473309017142998e-02
8.814610130927070797e-01 1.176296685414328635e-01 -1.083371034537093658e-01
8.838227231581959886e-01 1.128651535472707523e-01 -1.296271762231940294e-01
8.857685975602234141e-01 1.079162293839235620e-01 -1.493700293195276418e-01
8.873591719983182635e-01 1.028419461320833200e-01 -1.678266076607483615e-01
8.886412018678310210e-01 9.768106665502669650e-02 -1.851777924113357510e-01
8.896523365080322154e-01 9.246034981704243094e-02 -2.015455959892233362e-01
8.904243949330460373e-01 8.719896184889254498e-02 -2.170088604494370688e-01
8.909855823743011438e-01 8.191092381775048892e-02 -2.316146492347536667e-01
8.913619504986932673e-01 7.660652709446812147e-02 -2.453867179146846378e-01
8.915783063108678741e-01 7.129319784384140213e-02 -2.583320212259453408e-01
8.916587110851936782e-01 6.597607337329411403e-02 -2.704458370214873897e-01
8.916266714082501377e-01 6.065843752433561914e-02 -2.817158158001743518e-01
8.915051079457264604e-01 5.534209480705276629e-02 -2.921251288898015774e-01
8.913161757592928947e-01 5.002771975518104097e-02 -3.016548261371273520e-01
8.910810014535938128e-01 4.471519016853720691e-02 -3.102855143951105399e-01
8.908193890429694228e-01 3.940389686938355895e-02 -3.179984752721317642e-01
8.905495339959810241e-01 3.409301598043094905e-02 -3.247763590204685302e-01
8.902877701915830055e-01 2.878173014047333278e-02 -3.306035858014017004e-01
8.900483623565379476e-01 2.346938965331080498e-02 -3.354665690386099408e-01
8.898820868496746250e-01 1.815425748008646020e-02 -3.394553237990437511e-01
8.897622909662398216e-01 1.283787463934415313e-02 -3.424689624730469228e-01
8.896800303601115623e-01 7.520778556358009674e-03 -3.444552044840710758e-01
8.896397000889543216e-01 2.203199122794693120e-03 -3.454056555492802660e-01
8.896435583978000716e-01 -3.114531847880678238e-03 -3.453166660359842099e-01
8.660898876614132602e-01 1.315497897954457096e-01 0.000000000000000000e+00
8.607823325398478165e-01 1.312209491127863115e-01 4.065788573584568771e-02
8.555193908321800933e-01 1.304595542449820122e-01 6.258986528160535856e-02
8.508984601005082915e-01 1.278279621914678865e-01 8.816415598009735843e-02
8.468034942038454860e-01 1.244353920937107810e-01 1.102527450284896682e-01
8.431507351404008421e-01 1.205707279702130791e-01 1.295241470970710240e-01
8.398539122791734979e-01 1.163982902433301769e-01 1.465704785184713532e-01
8.368491252088386956e-01 1.120108613578693346e-01 1.618344196418350645e-01
8.340846967092265807e-01 1.074681515241292101e-01 1.756329273774161759e-01
8.315217308827419496e-01 1.028088078219218521e-01 1.881982990036489833e-01
8.291345129283679283e-01 9.805702205219890555e-02 1.997022687035860389e-01
8.269044494025108438e-01 9.322948704624930971e-02 2.102733604529125055e-01
8.248181139096242287e-01 8.833811895806081838e-02 2.200092765347478330e-01
8.228658482691947329e-01 8.339171254206287354e-02 2.289852852035149655e-01
8.210407793299447921e-01 7.839697521863811525e-02 2.372600020427013123e-01
8.193381101951243695e-01 7.335919838948450067e-02 2.448794566129063877e-01
8.177545992772864425e-01 6.828270641804248808e-02 2.518800201775125980e-01
8.162881713629499547e-01 6.317116391747752691e-02 2.582905488302215669e-01
8.149376214173007504e-01 5.802779027682743868e-02 2.641339931291192822e-01
8.137023870014208349e-01 5.285551094360761010e-02 2.694286143570334136e-01
8.125823701020800094e-01 4.765706505005266880e-02 2.741889284495472867e-01
8.115777969158598504e-01 4.243508168388281099e-02 2.784264401414213164e-01
8.106891054807303654e-01 3.719213355366497720e-02 2.821502308798972680e-01
8.099168566363682542e-01 3.193077353125550744e-02 2.853674178380202764e-01
8.092616619199144434e-01 2.665355859849426884e-02 2.880835276511103937e-01
8.087241262950179976e-01 2.136306400772164382e-02 2.903027907140486863e-01
8.083048025926656832e-01 1.606189006267204344e-02 2.920283760074086632e-01
8.080041559929262984e-01 1.075266326537921077e-02 2.932625748395293885e-01
8.078225380624800556e-01 5.438033222717012470e-03 2.940069326389209148e-01
8.077601684267423643e-01 1.206666196356407164e-04 2.942623434347406142e-01
8.078171234938199552e-01 -5.196760736084544800e-03 2.940291099296176713e-01
8.749324486768556008e-01 1.537858180564516397e-01 0.000000000000000000e+00
8.798532107648642242e-01 1.517697877897531411e-01 -2.812873827071208505e-02
8.842246317133379829e-01 1.487417593132899230e-01 -5.426314731873816549e-02
8.880339641060901457e-01 1.450313328843526595e-01 -7.832668335014580929e-02
8.913363759684872489e-01 1.408633173548559381e-01 -1.005975833645900985e-01
8.941952069745506826e-01 1.363794169498739606e-01 -1.214016612478775181e-01
8.966644980017152156e-01 1.316697588533459196e-01 -1.410186370119161370e-01
8.987869031754952553e-01 1.267939334010415586e-01 -1.596681146259408268e-01
9.005955548508953745e-01 1.217932277828212978e-01 -1.775164836000910351e-01
9.021164444393577897e-01 1.166976245385788757e-01 -1.946866577981555824e-01
9.033705073516131723e-01 1.115298780495246195e-01 -2.112662180135440049e-01
9.043753245608272540e-01 1.063079416329168470e-01 -2.273134596829470833e-01
9.051465167538785828e-01 1.010464266263428057e-01 -2.428618138444457730e-01
9.056989082136288616e-01 9.575746252755917842e-02 -2.579232759371784534e-01
9.060475016608575682e-01 9.045116813584132276e-02 -2.724913988365017525e-01
9.062082653448836345e-01 8.513586639455461569e-02 -2.865442674881074625e-01
9.061987047978821153e-01 7.981814261844813463e-02 -3.000476927059693155e-01
9.060381809834716638e-01 7.450283362761474237e-02 -3.129586572502051078e-01
9.057479472986688096e-01 6.919302741917050803e-02 -3.252288503437174016e-01
9.053509111511899299e-01 6.389013765408749213e-02 -3.368080068464337495e-01
9.048711611673767585e-01 5.859409030572867993e-02 -3.476467280760983103e-01
9.043333365997019424e-01 5.330362508068158672e-02 -3.576985586589952471e-01
9.037619275154290532e-01 4.801668180299857591e-02 -3.669212374763356488e-01
9.031805910225040313e-01 4.273082090386200876e-02 -3.752772149859567863e-01
9.026115440220962016e-01 3.744362286762825676e-02 -3.827336258159831361e-01
9.021075321203504416e-01 3.214982937279623615e-02 -3.893565186298250103e-01
9.017275085322430384e-01 2.684569328522182913e-02 -3.952529715399503152e-01
9.013967453074396285e-01 2.153825762832076510e-02 -4.001415605319683655e-01
9.011267954532951041e-01 1.622738155753220349e-02 -4.039918356101800390e-01
9.009263202615243049e-01 1.091342942559578311e-02 -4.067777184539703716e-01
9.008017841330333564e-01 5.597155512813668625e-03 -4.084805007645767594e-01
9.007569719055804613e-01 2.796119608248484253e-04 -4.090880276688574346e-01
9.007932241861197342e-01 -5.037996837797223404e-03 -4.085958926421685566e-01
8.749324486768556008e-01 1.537858180564516397e-01 0.000000000000000000e+00
8.696616788957506339e-01 1.530806489436722095e-01 4.598728228288768288e-02
8.643490476586168647e-01 1.533135156464397464e-01 5.974432554857206368e-02
8.594241551434621540e-01 1.513075965859589922e-01 8.444367213153353147e-02
8.550140934461245568e-01 1.483361266822408597e-01 1.071385545609720713e-01
8.510321397774465169e-01 1.448115951469118867e-01 1.273054384023733776e-01
8.474076317306545869e-01 1.409204232178181138e-01 1.453671217826155437e-01
8.440743065689316760e-01 1.367770886996730884e-01 1.617019687512610548e-01
8.409792717954551744e-01 1.324528503489345310e-01 1.766083622118521379e-01
8.380824950243608296e-01 1.279933703454503302e-01 1.903137743192068743e-01
8.353641685457648958e-01 1.234229241179150283e-01 2.029900584386289952e-01
8.327929779881807493e-01 1.187681140595327339e-01 2.147681382253578408e-01
8.303497075347971990e-01 1.140449046575846975e-01 2.257511078678119953e-01
8.280228883791449501e-01 1.092632532503910736e-01 2.360189747536113880e-01
8.258045169826553344e-01 1.044303342659403666e-01 2.456343869565393301e-01
8.236891916367219402e-01 9.955143313516522097e-02 2.546467205614885709e-01
8.216734904786113791e-01 9.463053622461946313e-02 2.630950498505312818e-01
8.197554993850914018e-01 8.967073907874695271e-02 2.710103614742573330e-01
8.179344502553119733e-01 8.467453475646820327e-02 2.784172219270028559e-01
8.162104405962151699e-01 7.964402103932477495e-02 2.853350541492877812e-01
8.145842140226896566e-01 7.458105109130151733e-02 2.917791276096936559e-01
8.130569850501803142e-01 6.948734426536865016e-02 2.977613523596748801e-01
8.116302999480806690e-01 6.436456697346203126e-02 3.032909042392175070e-01
8.103059232497437092e-01 5.921439183819438012e-02 3.083747411568784069e-01
8.090857446902125494e-01 5.403854003912907794e-02 3.130180300068940435e-01
8.079717031554147777e-01 4.883881033252195775e-02 3.172244950970701249e-01
8.069657223039614635e-01 4.361709796113108495e-02 3.209967201948795146e-01
8.060696568204125390e-01 3.837540508456731281e-02 3.243364021225675908e-01
8.052852479291368049e-01 3.311584424222365625e-02 3.272445604622828408e-01
8.046140850458122218e-01 2.784063638403696389e-02 3.297217238629672198e-01
8.040575740603638222e-01 2.255210415986526329e-02 3.317680847938435096e-01
8.036169123766857547e-01 1.725266127937629887e-02 3.333836194631622507e-01
8.032930670261969608e-01 1.194479902117912690e-02 3.345682000303182302e-01
8.030867596002096986e-01 6.631070122466877978e-03 3.353216677323087036e-01
8.029984543222510318e-01 1.314070993173002688e-03 3.356438946684343061e-01
8.030283508193438724e-01 -4.003577336915096867e-03 3.355348208330434789e-01
8.836916107378272045e-01 1.760546558428259245e-01 0.000000000000000000e+00
8.886468234561717416e-01 1.741248515835851773e-01 -2.544412771611125751e-02
8.931772215323540154e-01 1.713402922226896219e-01 -4.921902778179834681e-02
8.972671662565190331e-01 1.679416704849403530e-01 -7.134441991170566155e-02
9.009456716865648085e-01 1.641015044254904576e-01 -9.203564744338821324e-02
9.042515527883998594e-01 1.599362400036851428e-01 -1.115399289212731515e-01
9.072206580011025201e-01 1.555245859149187726e-01 -1.300800461695542087e-01
9.098826408537069588e-01 1.509210954071120159e-01 -1.478425406536635900e-01
9.122609777213093185e-01 1.461648583117570455e-01 -1.649800705423724589e-01
9.143738374201825225e-01 1.412848889003872621e-01 -1.816169114491647529e-01
9.162350504298806264e-01 1.363035071949206534e-01 -1.978540458029380278e-01
9.178549509717762733e-01 1.312385096828389830e-01 -2.137730140612765228e-01
9.192411279255257028e-01 1.261046231418331276e-01 -2.294384144520137947e-01
9.203990117111279234e-01 1.209144803015958225e-01 -2.448992962717301825e-01
9.213324675643994599e-01 1.156793167193359284e-01 -2.601895203783560762e-01
9.220444150418179996e-01 1.104094582437765981e-01 -2.753273701145327879e-01
9.225375304341494331e-01 1.051146386271255284e-01 -2.903146654604872312e-01
9.228150812081731269e-01 9.980415436193218470e-02 -3.051357592534925667e-01
9.228818984277922244e-01 9.448684178675009759e-02 -3.197569164702144251e-01
9.227454365855098928e-01 8.917086062344373176e-02 -3.341266643374530831e-01
9.224167989262658240e-01 8.386329292703573191e-02 -3.481776593885720361e-01
9.219115418788488281e-01 7.856961812789453603e-02 -3.618303458766646274e-01
9.212500516248628424e-01 7.329318863372816240e-02 -3.749981694027489931e-01
9.204573463369892794e-01 6.803487180325812345e-02 -3.875935409040595081e-01
9.195622863336450070e-01 6.279300713947287560e-02 -3.995333795603807081e-01
9.185963260137540720e-01 5.756374349882295571e-02 -4.107431499207846448e-01
9.175920392802987546e-01 5.234170503477151432e-02 -4.211588005046044136e-01
9.165816664166128724e-01 4.712084071558506060e-02 -4.307266918935844791e-01
9.155958635089379571e-01 4.189528139717264843e-02 -4.394020922839446675e-01
9.147324907504580382e-01 3.664810453309211985e-02 -4.473869508907227788e-01
9.140600043992835877e-01 3.137306522797682351e-02 -4.548282373847362114e-01
9.134642286399746736e-01 2.608881231884700030e-02 -4.612378748896229785e-01
9.127017667056399608e-01 2.082602509516811445e-02 -4.655825885707643996e-01
9.114793398871001706e-01 1.565070382626684506e-02 -4.665732834052501721e-01
9.103180872417292457e-01 1.046131370250024881e-02 -4.661910981435489765e-01
9.094377122683127146e-01 5.216962696969728794e-03 -4.652875289322085939e-01
9.089285854252314723e-01 -7.634132043578528010e-05 -4.641866349853044360e-01
8.836916107378272045e-01 1.760546558428259245e-01 0.000000000000000000e+00
8.784765207379053864e-01 1.750148895922954417e-01 4.938651870678974903e-02
8.731740968826265936e-01 1.754181002345124862e-01 6.092685616279396726e-02
8.679389855619321636e-01 1.744843513266342849e-01 7.997685582017580175e-02
8.632543267607358795e-01 1.719679551973650744e-01 1.023904159540801329e-01
8.589705373479219475e-01 1.688171734166493410e-01 1.228414735535064695e-01
8.550529493167963180e-01 1.652212338201865804e-01 1.414701587960809082e-01
8.514464243833320678e-01 1.613133884461565581e-01 1.585061288210114216e-01
8.480961162912364903e-01 1.571837742691339912e-01 1.741785548697138697e-01
8.449546729968481218e-01 1.528931319406277300e-01 1.886861915491404029e-01
8.419829301261932963e-01 1.484832541788592974e-01 2.021924707821100564e-01
8.391489430379369674e-01 1.439836103322172933e-01 2.148295167654851734e-01
8.364262635100099263e-01 1.394157559397005697e-01 2.267039870712361238e-01
8.337925114146514938e-01 1.347960560075380787e-01 2.379026138654706801e-01
8.312292143921163889e-01 1.301368945017207512e-01 2.484965290266860083e-01
8.287231649915478560e-01 1.254466925908284958e-01 2.585439030406650462e-01
8.262681216383189753e-01 1.207295918184478761e-01 2.680912105622807462e-01
8.238645756308698997e-01 1.159860441847561097e-01 2.771742853735689738e-01
8.215169304564944319e-01 1.112145832241845378e-01 2.858202164653650956e-01
8.192312595635788952e-01 1.064131265564319528e-01 2.940492289160021033e-01
8.170141079510910842e-01 1.015796478619232085e-01 3.018762000259075928e-01
8.148714466617889007e-01 9.671268986309548843e-02 3.093121098856707607e-01
8.128087915002700781e-01 9.181128891564313554e-02 3.163647866007394671e-01
8.108309723299899074e-01 8.687504450387628641e-02 3.230397154458148345e-01
8.089425013512485663e-01 8.190393246274513261e-02 3.293403285666897662e-01
8.071479434579579282e-01 7.689815185122654551e-02 3.352681421632134895e-01
8.054506260722726907e-01 7.185856940272172810e-02 3.408240857028649873e-01
8.038547492471916911e-01 6.678595126982460328e-02 3.460071490377504833e-01
8.023637053990738677e-01 6.168153496567999744e-02 3.508159391313740438e-01
8.009808002141726169e-01 5.654676614784599070e-02 3.552483108367205378e-01
7.997092183812327670e-01 5.138330246489395542e-02 3.593015605053941353e-01
7.985519990419396308e-01 4.619301143607935922e-02 3.629725971617500657e-01
7.975120176813671469e-01 4.097796432865176419e-02 3.662580849714262565e-01
7.965914883720337514e-01 3.574051233806651434e-02 3.691550726410454675e-01
7.957929967913297542e-01 3.048307106320931673e-02 3.716600726696845380e-01
7.951190068077135242e-01 2.520822366588944263e-02 3.737696246291377089e-01
7.945705868605182909e-01 1.991884628054950770e-02 3.754817130763422606e-01
7.941500993806804853e-01 1.461776451902886340e-02 3.767930513218332722e-01
7.938577804924690229e-01 9.308072698346426394e-03 3.777027141497716345e-01
7.936951814683966822e-01 3.992826784901038796e-03 3.782085645496066073e-01
7.936625595568326252e-01 -1.324805524117053657e-03 3.783100442000800756e-01
8.917956568004743456e-01 1.985683810630181068e-01 0.000000000000000000e+00
8.967822296992802311e-01 1.967211213931497615e-01 -2.392987514895911563e-02
9.014689126884332104e-01 1.942084972425432987e-01 -4.478973076404625664e-02
9.057888807876967041e-01 1.911075049522638070e-01 -6.505044451581276643e-02
9.097792744593032888e-01 1.875925318501435457e-01 -8.406548422449523772e-02
9.134653700139783172e-01 1.837596508025721720e-01 -1.020402359661563840e-01
9.168718509362610014e-01 1.796762496112671859e-01 -1.191587510931989280e-01
9.200200766701273070e-01 1.753905813679649817e-01 -1.355778459085617560e-01
9.229275925716355911e-01 1.709380956750622682e-01 -1.514296841670167981e-01
9.256085770322329820e-01 1.663456453612251473e-01 -1.668258674632451810e-01
9.280729951234856223e-01 1.616334355786991084e-01 -1.818640966171264917e-01
9.303303208234598998e-01 1.568185878918804677e-01 -1.966257080547754721e-01
9.323877464878577159e-01 1.519149894990158567e-01 -2.111835161169303698e-01
9.342496940425354390e-01 1.469338823061663857e-01 -2.256040709593813420e-01
9.359135062320370624e-01 1.418831391369790029e-01 -2.399512502320987894e-01
9.373823878018709976e-01 1.367723011922942766e-01 -2.542766612975994045e-01
9.386551951689384721e-01 1.316091394701160988e-01 -2.686292598707537005e-01
9.397306845131088160e-01 1.264012992043626327e-01 -2.830521595420366632e-01
9.406038574284546483e-01 1.211557442648987792e-01 -2.975825836444642158e-01
9.412680234568608917e-01 1.158796509137782482e-01 -3.122486760701780328e-01
9.417154470761206486e-01 1.105807746491391380e-01 -3.270664970380968706e-01
9.419372648807247117e-01 1.052676706199874579e-01 -3.420357565598416416e-01
9.419243206243929079e-01 9.994995400387719775e-02 -3.571344087270144074e-01
9.416686205819018163e-01 9.463837278438169687e-02 -3.723129296692656576e-01
9.411655323969079223e-01 8.934449142557257528e-02 -3.874898648923549294e-01
9.404166155392461590e-01 8.407975960872404730e-02 -4.025511240380635902e-01
9.394325609478068051e-01 7.885387077292832503e-02 -4.173556276710227442e-01
9.382353018140966450e-01 7.367266935532500172e-02 -4.317482463979812612e-01
9.368583187530310497e-01 6.853630924211588649e-02 -4.455775297928695755e-01
9.353447398779697330e-01 6.343852967136204279e-02 -4.587125042188645585e-01
9.337437703096960195e-01 5.836751655715216591e-02 -4.710527179607989501e-01
9.321065961518354426e-01 5.330807604066612609e-02 -4.825291396424379320e-01
9.304828174456943879e-01 4.824432049003869738e-02 -4.930977152225061166e-01
9.289179289074066537e-01 4.316205707441738565e-02 -5.027295369128730318e-01
9.275335737769603295e-01 3.802767897811067110e-02 -5.117525606038990649e-01
9.259162129355642534e-01 3.296186991422504764e-02 -5.181735452440092704e-01
9.233157596388684718e-01 2.832334426325240628e-02 -5.179986073935654023e-01
9.206379109027548191e-01 2.372906480837358792e-02 -5.156057683128729696e-01
9.182433001177993104e-01 1.898100028147403986e-02 -5.128593913018477668e-01
9.162689009260051032e-01 1.404338695168915602e-02 -5.103257941074998971e-01
9.147659945076559440e-01 8.942450776758897879e-03 -5.081149722341253838e-01
9.137513614902853520e-01 3.722412711467747159e-03 -5.061982946085665791e-01
9.132320968172159548e-01 -1.569906417451951731e-03 -5.045361203925173843e-01
8.917956568004743456e-01 1.985683810630181068e-01 0.000000000000000000e+00
8.866231817222612888e-01 1.973339665749747063e-01 5.037992040271257327e-02
8.813285656254566947e-01 1.978292623961608043e-01 6.034848581142948643e-02
8.760298807115155517e-01 1.982789464472456409e-01 7.047014335623456860e-02
8.710459578926074142e-01 1.964245487287953895e-01 9.209377493966125483e-02
8.664351893599373522e-01 1.937751919953283886e-01 1.127852121871684987e-01
8.621778060913145580e-01 1.905888201923089387e-01 1.319726560965955586e-01
8.582385706322596119e-01 1.870166077740517130e-01 1.497135832320599380e-01
8.545642334225851400e-01 1.831724532984057852e-01 1.661488031237989549e-01
8.510992470881881822e-01 1.791385783294126288e-01 1.814393612796958155e-01
8.477926090027284589e-01 1.749739148214189688e-01 1.957377032127879946e-01
8.446000950512101424e-01 1.707211354675859938e-01 2.091777223953587561e-01
8.414859380923063181e-01 1.664106477923527339e-01 2.218735516258202867e-01
8.384250137654528645e-01 1.620621975134253212e-01 2.339209272194524014e-01
8.354033139551695353e-01 1.576863995496750603e-01 2.453986756121590562e-01
8.324163776953960037e-01 1.532867985060487603e-01 2.563703303963353330e-01
8.294666302296099802e-01 1.488621779063683537e-01 2.668859491665804273e-01
8.265591682900532700e-01 1.444096569762596260e-01 2.769843505153827823e-01
8.236993171656280532e-01 1.399264071383461705e-01 2.866955629587672472e-01
8.208929520290255688e-01 1.354094842606462235e-01 2.960425021746521668e-01
8.181443912161039389e-01 1.308571561726566690e-01 3.050430382197230617e-01
8.154581002522131028e-01 1.262678078071100274e-01 3.137106529490344964e-01
8.128379599943239553e-01 1.216403741131479588e-01 3.220555396187260722e-01
8.102865310296788470e-01 1.169747029072658595e-01 3.300857678935133488e-01
8.078077236705215602e-01 1.122700465288238858e-01 3.378063798140377716e-01
8.054044690122819095e-01 1.075263512803201760e-01 3.452210005318684938e-01
8.030798776678048645e-01 1.027436164304451199e-01 3.523315187405870463e-01
8.008366570902808457e-01 9.792218106288079482e-02 3.591387275122272515e-01
7.986777772725275337e-01 9.306239552280554106e-02 3.656420645778079570e-01
7.966071051504588496e-01 8.816437607348578953e-02 3.718391691911261954e-01
7.946278771264365659e-01 8.322869638453191110e-02 3.777272432286667980e-01
7.927421973131849597e-01 7.825652490670427508e-02 3.833037733913237100e-01
7.909549600079435194e-01 7.324812592321858218e-02 3.885629992014892897e-01
7.892696201251770960e-01 6.820452532021836767e-02 3.934998360729305977e-01
7.876882091981822764e-01 6.312737877486351845e-02 3.981102071792447239e-01
7.862159771963020960e-01 5.801750495101355709e-02 4.023863295971036314e-01
7.848565669986012905e-01 5.287646600179189693e-02 4.063216968725539280e-01
7.836117565074622870e-01 4.770648298400766846e-02 4.099116654849342956e-01
7.824866404706047884e-01 4.250913832864439135e-02 4.131477836019458172e-01
7.814847641777755705e-01 3.728663687274282046e-02 4.160232147647530132e-01
7.806075430215962951e-01 3.204175740738055694e-02 4.185336669782765417e-01
7.798591806480559274e-01 2.677694674403318861e-02 4.206717060821038023e-01
7.792426740579092570e-01 2.149507234309057380e-02 4.224314850729861126e-01
7.787580439403875010e-01 1.619946933566846978e-02 4.238110488710983281e-01
7.784096992303171092e-01 1.089315860918503576e-02 4.248034470629334924e-01
7.781970339220106725e-01 5.579680367047396006e-03 4.254082490389187177e-01
7.781213049729647224e-01 2.624872457376598717e-04 4.256231859554148178e-01
7.781834241358779325e-01 -5.054882289345090547e-03 4.254468704454866801e-01
8.984027046569312835e-01 2.215646236147039150e-01 0.000000000000000000e+00
9.034401935807611084e-01 2.198611028765503350e-01 -2.219504676389324679e-02
9.082918882573584041e-01 2.176841011934768644e-01 -3.999108781861684253e-02
9.128343562453822280e-01 2.149192753145460211e-01 -5.861883972796995412e-02
9.171033937258951108e-01 2.117485346198496599e-01 -7.625437877831009459e-02
9.211250242772119901e-01 2.082693443014361767e-01 -9.290725965221237337e-02
9.249171873571602198e-01 2.045413720995407636e-01 -1.087403906070370796e-01
9.284959576414826277e-01 2.006080934652360592e-01 -1.238902501762798314e-01
9.318717122242279327e-01 1.964992543883067877e-01 -1.384813816038523160e-01
9.350571550689211753e-01 1.922411760134738745e-01 -1.526020502785387367e-01
9.380630939105198962e-01 1.878545361554965210e-01 -1.663303587286978913e-01
9.408974160545615639e-01 1.833551033527065777e-01 -1.797382186150577321e-01
9.435665480131492089e-01 1.787557542519453424e-01 -1.928896415064073611e-01
9.460756846261214603e-01 1.740672031942656350e-01 -2.058427450665504810e-01
9.484289806580777915e-01 1.692985267165617869e-01 -2.186513663420847631e-01
9.506297062392824460e-01 1.644575470141401152e-01 -2.313663852652731445e-01
9.526803401340727673e-01 1.595511044951082036e-01 -2.440368655200170767e-01
9.545826738931719735e-01 1.545852809146717466e-01 -2.567109909045971472e-01
9.563378240246344086e-01 1.495655472983276890e-01 -2.694369523661720445e-01
9.579192639483661287e-01 1.444884097848606330e-01 -2.822793983966370712e-01
9.593448829641350040e-01 1.393653357091805545e-01 -2.952742412485164225e-01
9.606163937315155277e-01 1.342018545257673001e-01 -3.084714391455408711e-01
9.617249276323487361e-01 1.290009478592589742e-01 -3.219270751209989401e-01
9.626638812157690683e-01 1.237667675288529473e-01 -3.356972765017501859e-01
9.634240416637189774e-01 1.185036473842619315e-01 -3.498397266303602260e-01
9.639927607926627173e-01 1.132164140703821043e-01 -3.644120251705215141e-01
9.643528803099082891e-01 1.079108894501088212e-01 -3.794681657099531202e-01
9.644814393472932457e-01 1.025947112987548038e-01 -3.950516856249025599e-01
9.643483927084747220e-01 9.727864356452434191e-02 -4.111831994718512240e-01
9.639160548659114758e-01 9.197851511769261634e-02 -4.278393097759044528e-01
9.631409510568965660e-01 8.671757493096954317e-02 -4.449209973881534941e-01
9.619810149831593549e-01 8.152789036754276575e-02 -4.622169602012332623e-01
9.604107605773771761e-01 7.644728226770385049e-02 -4.793858316493512239e-01
9.584413066466669351e-01 7.150769435191198231e-02 -4.959992270838394779e-01
9.561320382893205849e-01 6.671754224401538202e-02 -5.116599514049771091e-01
9.535813387676582709e-01 6.205147221526325502e-02 -5.261257809353747650e-01
9.509024155485843455e-01 5.745781920819646726e-02 -5.393436509542077761e-01
9.482019667569385746e-01 5.287678724075443176e-02 -5.513909699109220686e-01
9.455698071440483687e-01 4.825617977687080007e-02 -5.623903293508398793e-01
9.430540327414106416e-01 4.357118706416999304e-02 -5.723160710635453174e-01
9.407330424020593496e-01 3.878670366387845098e-02 -5.813579082753241867e-01
9.370066551044949898e-01 3.499298315867797882e-02 -5.787455219232839898e-01
9.329306842855530357e-01 3.157761503120457697e-02 -5.713312420776059941e-01
9.291051794496961724e-01 2.788386486181534951e-02 -5.640418306356871359e-01
9.257248067877735798e-01 2.377882427376347418e-02 -5.579284453700685820e-01
9.228615129073727275e-01 1.929777241984719643e-02 -5.529973432572756753e-01
9.205409145867913256e-01 1.451309886802130966e-02 -5.490373811983177976e-01
9.187731096404859743e-01 9.497807925828076134e-03 -5.458461031821297826e-01
9.175587210687060624e-01 4.320594586611947903e-03 -5.432539108123022320e-01
9.168964795344207719e-01 -9.557406674535768448e-04 -5.411449292395140720e-01
8.984027046569312835e-01 2.215646236147039150e-01 0.000000000000000000e+00
8.932443591253931281e-01 2.202724359579423252e-01 4.953381052182369293e-02
8.879515841035143797e-01 2.207870330146799731e-01 5.846781579690486091e-02
8.826575642186028636e-01 2.212886613842810213e-01 6.750366690572924544e-02
8.773816241662472093e-01 2.206232786921586420e-01 8.325633932135659276e-02
8.725382110877064612e-01 2.184279137307802154e-01 1.035425249296760553e-01
8.680068019901413523e-01 2.156449999424044917e-01 1.227474029123370725e-01
8.637785942394197169e-01 2.124200136199894118e-01 1.407571259425585974e-01
8.598110829873905070e-01 2.088792323463085354e-01 1.575930878338717978e-01
8.560472021623382055e-01 2.051227075296953029e-01 1.733480002026143996e-01
8.524291464606912339e-01 2.012255354135568663e-01 1.881419337632276867e-01
8.489062273595021635e-01 1.972421551191957390e-01 2.020971279636178397e-01
8.454408613055764965e-01 1.932086063497711614e-01 2.153274044470589454e-01
8.420113823046173618e-01 1.891445011167577073e-01 2.279333789898278506e-01
8.386098228103586738e-01 1.850569993650705292e-01 2.399999385277108988e-01
8.352367942082016272e-01 1.809459221811615115e-01 2.515957839651578598e-01
8.318965447746236030e-01 1.768081678041462379e-01 2.627748493870238344e-01
8.285942620825166305e-01 1.726400499333995420e-01 2.735788979665751408e-01
8.253338844806612506e-01 1.684390720167297517e-01 2.840402161303320905e-01
8.221193527105127297e-01 1.642029106574643682e-01 2.941839824859233121e-01
8.189528336449620749e-01 1.599307408843243239e-01 3.040301094671333249e-01
8.158362699247896366e-01 1.556219930219945036e-01 3.135944732579891148e-01
8.127718482905469388e-01 1.512760066425160310e-01 3.228895920370000172e-01
8.097605134410538197e-01 1.468930692727541398e-01 3.319257459509083463e-01
8.068036243425785736e-01 1.424732180962612615e-01 3.407110008146047586e-01
8.039029015025636049e-01 1.380163038533749886e-01 3.492514558160070837e-01
8.010598241085226112e-01 1.335223981473637467e-01 3.575517796039779372e-01
7.982749391363518354e-01 1.289922002206938256e-01 3.656159418582391463e-01
7.955515713702865366e-01 1.244247561242889655e-01 3.734450273866933290e-01
7.928896620770427006e-01 1.198212230813349849e-01 3.810413419640542587e-01
7.902931947856240980e-01 1.151804650432963067e-01 3.884033904709397467e-01
7.877629355708266612e-01 1.105032793650320977e-01 3.955312297395540133e-01
7.853024942528260555e-01 1.057889919232544162e-01 4.024218502642401551e-01
7.829143550661118445e-01 1.010376690771506991e-01 4.090723914952331119e-01
7.806011384216555715e-01 9.624942239189758497e-02 4.154792158803596314e-01
7.783676964920966945e-01 9.142344946301417252e-02 4.216358089048911628e-01
7.762151327642052845e-01 8.656086301541313088e-02 4.275387980457011627e-01
7.741502020267472250e-01 8.166042031984692418e-02 4.331783484906160941e-01
7.721750620074074867e-01 7.672310328860112993e-02 4.385489037090900544e-01
7.702952993575122864e-01 7.174869177133738618e-02 4.436406371814033411e-01
7.685159079203636168e-01 6.673749992942701326e-02 4.484438129289548547e-01
7.668402713040792795e-01 6.169066730953615130e-02 4.529502296522641691e-01
7.652762875660036324e-01 5.660812538348556494e-02 4.571457752525235341e-01
7.638254323083234487e-01 5.149214096362179222e-02 4.610240599849321219e-01
7.624970163555618852e-01 4.634300621888304272e-02 4.645685148413697396e-01
7.612927671736550161e-01 4.116342501275219862e-02 4.677722651006529508e-01
7.602211737287588589e-01 3.595478171032855108e-02 4.706195020835485243e-01
7.592835985514230224e-01 3.072035429657345162e-02 4.731041067778741782e-01
7.584885383618125143e-01 2.546239301315534470e-02 4.752104490078815635e-01
7.578354417616385286e-01 2.018491801142692499e-02 4.769357650527291659e-01
7.573326106538234015e-01 1.489101222835517192e-02 4.782653933879673636e-01
7.569784814308222476e-01 9.585084405962207219e-03 4.791991288839966279e-01
7.567776285051645013e-01 4.271146537932333197e-03 4.797287478645676506e-01
7.567309328043759775e-01 -1.046380807982781776e-03 4.798519859463915571e-01
