9.002807409337214573e-01 2.293169848201606908e-01
9.077949048808992005e-01 2.266405198583602287e-01
9.148615535811789323e-01 2.229407089626999627e-01
9.213011421222150332e-01 2.182334991799340096e-01
9.272392476721745824e-01 2.129076164367306734e-01
9.327222451486174570e-01 2.071142699780651464e-01
9.377916705039843759e-01 2.009557757560028746e-01
9.424815002366576655e-01 1.945035186629117396e-01
9.468161261605370083e-01 1.878074644056013931e-01
9.508139233632999510e-01 1.809050197631292822e-01
9.544887969277032758e-01 1.738253708451065471e-01
9.578513741275929139e-01 1.665921696802284968e-01
9.609099272451505636e-01 1.592252587031710298e-01
9.636712011237305031e-01 1.517418443030269792e-01
9.660916345280373685e-01 1.441413425661594305e-01
9.681784562368376257e-01 1.364425569689050877e-01
9.699395846356364537e-01 1.286628043198965454e-01
9.713723784696386421e-01 1.208159433968231389e-01
