8.749324486768556008e-01 1.537858180564516397e-01
8.821294808166221246e-01 1.503465081117129065e-01
8.880555109211828446e-01 1.450071924517569444e-01
8.928375284941790779e-01 1.386229593381898550e-01
8.966816811694251488e-01 1.316337809368175460e-01
8.997434938135634441e-01 1.242682240774208163e-01
9.021286550215192879e-01 1.166565796736882127e-01
9.039124492052229565e-01 1.088819926861372828e-01
9.051528951394368638e-01 1.010024356934439010e-01
9.059010255309947190e-01 9.306099845362145184e-02
9.062088800470999850e-01 8.509034289001034257e-02
9.061346300212199667e-01 7.711408991944403157e-02
9.057597645575764522e-01 6.914630475661626141e-02
9.053822225990517669e-01 6.117864596708690039e-02
9.048367487842211565e-01 5.322072017991438808e-02
9.041983392865048375e-01 4.526971031763671327e-02
9.035388316428870636e-01 3.732042266497116734e-02
9.029222953096638360e-01 2.936768681706154044e-02
9.024024054183472643e-01 2.140804869603380595e-02
9.020205079525435155e-01 1.344059748235048625e-02
9.018049178463691806e-01 5.466912924824344697e-03
