8.480491537233347810e-01 7.873503218381509849e-02
8.546616113787349756e-01 7.427391928764781603e-02
8.585137669253029014e-01 6.728914855684660357e-02
8.609367998191153060e-01 5.968947513542155470e-02
8.625370370881956239e-01 5.187504200182463387e-02
8.636272186618751956e-01 4.397329354637372761e-02
8.644551917326769308e-01 3.603978328225744543e-02
8.650136278361441056e-01 2.808275659918320344e-02
8.653750775777033777e-01 2.011435157677515101e-02
8.655900206314968148e-01 1.214064955071240785e-02
8.656906485517784633e-01 4.164685750739959350e-03
8.656927593641391416e-01 -3.811912525548142097e-03
8.655967104487906072e-01 -1.178793278145719679e-02
8.653873820984778753e-01 -1.976178418203938109e-02
8.650333329719992470e-01 -2.773052145546299821e-02
8.644849550162260199e-01 -3.568824764668327570e-02
8.636707892432300415e-01 -4.362318675236600413e-02
8.625940288232678554e-01 -5.152677527371590793e-02
8.610221382686491509e-01 -5.934695970895217249e-02
8.586447789783865359e-01 -6.696104450765341665e-02
8.548775133663939485e-01 -7.399196438527322339e-02
