8.368785595384784504e-01 0.000000000000000000e+00 0.000000000000000000e+00
8.369961307462869815e-01 7.975732037117695336e-03 0.000000000000000000e+00
8.373481193343758067e-01 1.594456059285074070e-02 0.000000000000000000e+00
8.379323557853853854e-01 2.389973452470936163e-02 0.000000000000000000e+00
8.387452384378376591e-01 3.183480518035908258e-02 0.000000000000000000e+00
8.397817568219445583e-01 3.974377187369011744e-02 0.000000000000000000e+00
8.410355201700878691e-01 4.762122082520123256e-02 0.000000000000000000e+00
8.424987959239941260e-01 5.546245469397732136e-02 0.000000000000000000e+00
8.441625508484663643e-01 6.326361127926040384e-02 0.000000000000000000e+00
8.460164991093687137e-01 7.102176830027437382e-02 0.000000000000000000e+00
8.480491537233347810e-01 7.873503218381509849e-02 0.000000000000000000e+00
8.502478793033036997e-01 8.640260874625003973e-02 0.000000000000000000e+00
8.525989481709946860e-01 9.402485249046244054e-02 0.000000000000000000e+00
8.550875967288419366e-01 1.016032924930181242e-01 0.000000000000000000e+00
8.576980852265256861e-01 1.091406311692534048e-01 0.000000000000000000e+00
8.604137589662379515e-01 1.166407138792139031e-01 0.000000000000000000e+00
8.632171171472213800e-01 1.241084650417744323e-01 0.000000000000000000e+00
8.660898876614132602e-01 1.315497897954457096e-01 0.000000000000000000e+00
8.690131196625802135e-01 1.389714364580243722e-01 0.000000000000000000e+00
8.719672915017904202e-01 1.463808219427476798e-01 0.000000000000000000e+00
8.749324486768556008e-01 1.537858180564516397e-01 0.000000000000000000e+00
8.778883722994699212e-01 1.611945048533193481e-01 0.000000000000000000e+00
8.808147867437299272e-01 1.686148972295510584e-01 0.000000000000000000e+00
8.836916107378272045e-01 1.760546558428259245e-01 0.000000000000000000e+00
8.864992444189404575e-01 1.835208006063226427e-01 0.000000000000000000e+00
8.892187230763967110e-01 1.910195045175629713e-01 0.000000000000000000e+00
8.917956568004743456e-01 1.985683810630181068e-01 0.000000000000000000e+00
8.941505606227349023e-01 2.061894408649559973e-01 0.000000000000000000e+00
8.963565841160292536e-01 2.138549209454105038e-01 0.000000000000000000e+00
8.984027046569312835e-01 2.215646236147039150e-01 0.000000000000000000e+00
9.002807409337214573e-01 2.293169848201606908e-01 0.000000000000000000e+00
9.019846842459375846e-01 2.371094620710459955e-01 0.000000000000000000e+00
9.035115213976817605e-01 2.449385675645787686e-01 0.000000000000000000e+00
9.048603769530103591e-01 2.528002921341417353e-01 0.000000000000000000e+00
9.060324319455037578e-01 2.606903118813529430e-01 0.000000000000000000e+00
9.070304944165751282e-01 2.686042234186807320e-01 0.000000000000000000e+00
9.078592638353709665e-01 2.765376505323107748e-01 0.000000000000000000e+00
9.085241839176558809e-01 2.844864872900373376e-01 0.000000000000000000e+00
9.090315640696553512e-01 2.924469326229423016e-01 0.000000000000000000e+00
9.093880240772288515e-01 3.004155624160630422e-01 0.000000000000000000e+00
9.096006321149889828e-01 3.083893270438339829e-01 0.000000000000000000e+00
9.096767009891590927e-01 3.163655628755527305e-01 0.000000000000000000e+00
9.096236204343938203e-01 3.243419848159666552e-01 0.000000000000000000e+00
9.094475922253973943e-01 3.323166408327769550e-01 0.000000000000000000e+00
9.091561792697950839e-01 3.402879144453258564e-01 0.000000000000000000e+00
9.087550403131258170e-01 3.482544200816919955e-01 0.000000000000000000e+00
8.397817568219445583e-01 3.974377187369011744e-02 0.000000000000000000e+00
8.440070234156831219e-01 3.651493310799364123e-02 -3.653769269091915184e-02
8.462131372716128475e-01 3.167640655358659046e-02 -5.792079605556839372e-02
8.476079059493970558e-01 2.654484754111298070e-02 -7.263825932152670473e-02
8.485533624925883922e-01 2.131183793974936180e-02 -8.331278635238514862e-02
8.491994608942368128e-01 1.603350160919836051e-02 -9.100996045048483085e-02
8.496222013671422824e-01 1.073259903929624226e-02 -9.625461419777407712e-02
8.498629854368844327e-01 5.420320752648829718e-03 -9.932467769796189672e-02
8.499430168421714393e-01 1.031906491818319546e-04 -1.003593799659906194e-01
8.498690044755364825e-01 -5.214026643031479703e-03 -9.940224210159287477e-02
8.397817568219445583e-01 3.974377187369011744e-02 0.000000000000000000e+00
8.351016704624523168e-01 3.721888192941093243e-02 3.607146785628847357e-02
8.322712491475373620e-01 3.271699424277300927e-02 5.633782073912162874e-02
8.302892551826315248e-01 2.778242460742445796e-02 6.998349633486698751e-02
8.288295109986058007e-01 2.266896936852480851e-02 7.978211052238186329e-02
8.277572893904439066e-01 1.746045533993490634e-02 8.685480282095425775e-02
8.270051109170881709e-01 1.219618852420003424e-02 9.175693998479822477e-02
8.265363527326378135e-01 6.899156966097144163e-03 9.478809289273734673e-02
8.263316442488438662e-01 1.585366228808934852e-03 9.610619157448831162e-02
8.263832396739250186e-01 -3.732115832762864134e-03 9.577429215767040149e-02
8.410355201700878691e-01 4.762122082520123256e-02 0.000000000000000000e+00
8.454313555904183763e-01 4.462874550861220535e-02 -3.755712355362959831e-02
8.479139842399625593e-01 3.992610448983458654e-02 -6.148074347646560051e-02
8.495266684740182539e-01 3.485880470353266980e-02 -7.861585777644045092e-02
8.506535268377054537e-01 2.966183753111225133e-02 -9.162519161561541448e-02
8.514620014566801620e-01 2.440592216330990383e-02 -1.016479329375453433e-01
8.520407919619215065e-01 1.911978187818033983e-02 -1.092663309483229150e-01
8.524421092884252316e-01 1.381721439002188412e-02 -1.148093041813781079e-01
8.526978961384289457e-01 8.505637350159585275e-03 -1.184703156807365987e-01
8.528270047868523607e-01 3.189472518259670042e-03 -1.203599100513853271e-01
8.528385588495889236e-01 -2.128247300108110016e-03 -1.205304459247650006e-01
8.410355201700878691e-01 4.762122082520123256e-02 0.000000000000000000e+00
8.361520670354449791e-01 4.551642557511775822e-02 3.714257087554821007e-02
8.329361507552981436e-01 4.128131518197410144e-02 5.980882927295042700e-02
8.305976393283547310e-01 3.650537110052987089e-02 7.559811410397106191e-02
8.287998197862137539e-01 3.150076098015854031e-02 8.739464462316497151e-02
8.273958405487119583e-01 2.637171429839681169e-02 9.641943788898729717e-02
8.263094751920555536e-01 2.116613192224676976e-02 1.032972292265648961e-01
8.254969200430810616e-01 1.591084585078479316e-02 1.083843009789227929e-01
8.249317874017478847e-01 1.062322798819989242e-02 1.118944692937376695e-01
8.245983142503198193e-01 5.315961910424647253e-03 1.139552562259794344e-01
8.244880608630432706e-01 -6.273866361324043073e-07 1.146349065154804447e-01
8.424987959239941260e-01 5.546245469397732136e-02 0.000000000000000000e+00
8.470185104803129583e-01 5.266058783553693307e-02 -3.802293428590237251e-02
8.497471148875380687e-01 4.809627019191277386e-02 -6.399653572411315161e-02
8.515589225457347311e-01 4.309670715373363492e-02 -8.320018193926041750e-02
8.528468194151395121e-01 3.793728865773966785e-02 -9.822692508791254495e-02
8.537914868563435400e-01 3.270413654944431120e-02 -1.102509872327364915e-01
8.544916745810512415e-01 2.743270271099050583e-02 -1.198885467171711683e-01
8.550077341927261321e-01 2.214007009194116082e-02 -1.274971525792867877e-01
8.553789466433603383e-01 1.683531007102397406e-02 -1.332970469072810027e-01
8.556314469720456284e-01 1.152357578295562512e-02 -1.374273202479738276e-01
8.557821966288517990e-01 6.207980604238568997e-03 -1.399743368122329801e-01
8.558410591901711717e-01 8.905740218995714455e-04 -1.409867124366518953e-01
8.558118388617582672e-01 -4.427078066704441539e-03 -1.404828572421583099e-01
8.424987959239941260e-01 5.546245469397732136e-02 0.000000000000000000e+00
8.374713032272295132e-01 5.372965500936126293e-02 3.768753440331139987e-02
8.339190963863356565e-01 4.977237006605299274e-02 6.233756067307510279e-02
8.312596074599880591e-01 4.516743833869139857e-02 7.996938718258668477e-02
8.291582223278135544e-01 4.028251683581101500e-02 9.347565014525131832e-02
8.274596538326814965e-01 3.524335593042488002e-02 1.041459514601611180e-01
8.260811121823058434e-01 3.010741390571249759e-02 1.126553562647250872e-01
8.249738178019049295e-01 2.490624319921190891e-02 1.193980181998613721e-01
8.241071989106273366e-01 1.965960148662012491e-02 1.246200268664799660e-01
8.234614936691659892e-01 1.438121704588671973e-02 1.284803550807361583e-01
8.230239479517570400e-01 9.081515987505759530e-03 1.310817141653549400e-01
8.227867541844688937e-01 3.769076182690382464e-03 1.324870872507707131e-01
8.227459376626765630e-01 -1.548499540755025015e-03 1.327285854318235037e-01
8.441625508484663643e-01 6.326361127926040384e-02 0.000000000000000000e+00
8.487739158536764528e-01 6.061529287851048081e-02 -3.808308809784548971e-02
8.517235600291144237e-01 5.619060342033019295e-02 -6.566414338500968506e-02
8.537236113269643933e-01 5.126332502663295126e-02 -8.663228330900936414e-02
8.551630275433449446e-01 4.614411038774077906e-02 -1.034199837542895961e-01
8.562315532059013856e-01 4.093483688066846399e-02 -1.172024902967124527e-01
8.570359243325195164e-01 3.567829194566693451e-02 -1.286127171356346577e-01
8.576430908635246375e-01 3.039533573094639271e-02 -1.380242643103836708e-01
8.580981362424646708e-01 2.509710854950801540e-02 -1.456718828003562005e-01
8.584326658011690592e-01 1.978990895486488349e-02 -1.517088808011092804e-01
8.586691129889643115e-01 1.447743586877673835e-02 -1.562370513816030981e-01
8.588230917440669021e-01 9.161933248515486544e-03 -1.593232619751853707e-01
8.589047245954970489e-01 3.844827490624775496e-03 -1.610089474190973813e-01
8.589193786282995902e-01 -1.472884688719815378e-03 -1.613154312326405271e-01
8.441625508484663643e-01 6.326361127926040384e-02 0.000000000000000000e+00
8.390330324049860566e-01 6.186135663012460456e-02 3.784654819388649089e-02
8.351874827237004695e-01 5.818847966352312662e-02 6.411529578264697771e-02
8.322358399998148748e-01 5.376512315589680041e-02 8.334388646967640091e-02
8.298569661022425770e-01 4.900915463807876959e-02 9.834122330453154426e-02
8.278903707154040559e-01 4.406842795595066614e-02 1.104379016638810940e-01
8.262481162252997002e-01 3.901063419258314624e-02 1.203463830552962965e-01
8.248775034309754339e-01 3.387257053678227603e-02 1.284890379911799163e-01
8.237449001692358497e-01 2.867685235596029864e-02 1.351343982293576607e-01
8.228279509618074972e-01 2.343877239150540803e-02 1.404610809699737561e-01
8.221114696787809040e-01 1.816952841024018633e-02 1.445908442984677744e-01
8.215851265559205308e-01 1.287790857506261079e-02 1.476069149601315356e-01
8.212420902969912451e-01 7.571252029921691530e-03 1.495646146674991239e-01
8.210782237096512226e-01 2.256045043869247570e-03 1.504975949090609777e-01
8.210916335395781473e-01 -3.061670418572167221e-03 1.504212989295618808e-01
8.460164991093687137e-01 7.102176830027437382e-02 0.000000000000000000e+00
8.506966830186359907e-01 6.849705918069974586e-02 -3.784005863481559179e-02
8.538457765986523507e-01 6.421202858718856599e-02 -6.662438851552117403e-02
8.560275353854845948e-01 5.936247127140112378e-02 -8.907528214504138731e-02
8.576154821060922862e-01 5.428736508772986219e-02 -1.073967440424753172e-01
8.588040200541092739e-01 4.910415612906818272e-02 -1.227342527374054304e-01
8.597058133473176600e-01 4.386344564103780014e-02 -1.357226215927723190e-01
8.603931131869774207e-01 3.859031597323796942e-02 -1.467421906580740898e-01
8.609157631379811271e-01 3.329833008968319935e-02 -1.560346832451410815e-01
8.613098374811931635e-01 2.799521940112981166e-02 -1.637601957213565274e-01
8.616021447697219671e-01 2.268552694185308957e-02 -1.700275762083346964e-01
8.618127309114373968e-01 1.737196589111276654e-02 -1.749116870280193470e-01
8.619563329473095559e-01 1.205617281591499744e-02 -1.784636581708444747e-01
8.620432455063390398e-01 6.739150738651247113e-03 -1.807171311604440223e-01
8.620798330195873493e-01 1.421544236012914353e-03 -1.816920220383210771e-01
8.620688113021890420e-01 -3.896176712360813026e-03 -1.813966208438013150e-01
8.460164991093687137e-01 7.102176830027437382e-02 0.000000000000000000e+00
8.408153688846490281e-01 6.991428378637182250e-02 3.771566322178126346e-02
8.367149198928531817e-01 6.652834290846093568e-02 6.527587454167463332e-02
8.334961036497688935e-01 6.229543615821422214e-02 8.588809064095216661e-02
8.308611346575379697e-01 5.767643020747016680e-02 1.021974458776474248e-01
8.286473960224640667e-01 5.284138741359458574e-02 1.155493085676751741e-01
8.267629467616677275e-01 4.786874942692076473e-02 1.266827019360502182e-01
8.251518169574427741e-01 4.280095520093198103e-02 1.360417058105770349e-01
8.237778719335716593e-01 3.766378159724609320e-02 1.439118849034068670e-01
8.226167794625022234e-01 3.247435563316749402e-02 1.504859238926019305e-01
8.216516858004967450e-01 2.724493197595783192e-02 1.558981106061098909e-01
8.208707303102222852e-01 2.198485725355727588e-02 1.602437835260894505e-01
8.202655454587491901e-01 1.670167366233364648e-02 1.635908817187037012e-01
8.198303197098435469e-01 1.140178157753449044e-02 1.659870678274242006e-01
8.195612057749027679e-01 6.090863083239191761e-03 1.674641766404969256e-01
8.194559553511397976e-01 7.741723915283332466e-04 1.680409374474265138e-01
8.195137152806867276e-01 -4.543246282374062417e-03 1.677244845353406955e-01
8.480491537233347810e-01 7.873503218381509849e-02 0.000000000000000000e+00
8.527816559871528312e-01 7.630981056796543038e-02 -3.736797814612707880e-02
8.561108083403514701e-01 7.216312247115626299e-02 -6.698784885106127962e-02
8.584699034902494308e-01 6.739731218991815154e-02 -9.065170404533534620e-02
8.602073794297543374e-01 6.237143366744381939e-02 -1.102929585186394890e-01
8.615176978258164420e-01 5.721766385652207743e-02 -1.270005852704690352e-01
8.625172133434578781e-01 5.199471006646983612e-02 -1.413979438532246280e-01
8.632821374045480667e-01 4.673228013878504700e-02 -1.538642621897349794e-01
8.638661102567533057e-01 4.144670985064068114e-02 -1.646425759680775758e-01
8.643088813983009766e-01 3.614744279950618533e-02 -1.738948707746905131e-01
8.646409062885206387e-01 3.084008592104947252e-02 -1.817321836003419899e-01
8.648859244592248530e-01 2.552800123996127463e-02 -1.882320268492778115e-01
8.650624718496250365e-01 2.021320034228222054e-02 -1.934489583874669516e-01
8.651847957099315645e-01 1.489687506665932082e-02 -1.974212039246247552e-01
8.652634199252657865e-01 9.579723968957634672e-03 -2.001748907325843763e-01
8.653054931184683829e-01 4.262158039940777514e-03 -2.017267380946587418e-01
8.653149950261241896e-01 -1.055565841267994132e-03 -2.020856934769212354e-01
8.480491537233347810e-01 7.873503218381509849e-02 0.000000000000000000e+00
8.427987913144896481e-01 7.789124776892412949e-02 3.736367601147144724e-02
8.384782042085070497e-01 7.479111799379466186e-02 6.592004903178140529e-02
8.350148464548298177e-01 7.075584469040228919e-02 8.772393782431481268e-02
8.321424011214832994e-01 6.628065359169342530e-02 1.051909354976775235e-01
8.296991211849686909e-01 6.155744909528929054e-02 1.196558320771493322e-01
8.275901041765602040e-01 5.667581772644641330e-02 1.318741669349959567e-01
8.257565856580435515e-01 5.168417597194482904e-02 1.423064932655895010e-01
8.241602509514891484e-01 4.661170191408340463e-02 1.512517579606813267e-01
8.227750998267732152e-01 4.147753850367996709e-02 1.589134766227744133e-01
8.215829655950346311e-01 3.629515550581650929e-02 1.654351117755849809e-01
8.205708983428863235e-01 3.107461938007653746e-02 1.709202620106895221e-01
8.197295580726540187e-01 2.582386475690925942e-02 1.754448287976277665e-01
8.190521903976617502e-01 2.054945004095235644e-02 1.790646443163203816e-01
8.185339537372702257e-01 1.525703014766597795e-02 1.818204169176668994e-01
8.181714736965177703e-01 9.951666278610122457e-03 1.837409642281519762e-01
8.179625490208148886e-01 4.638039641095059902e-03 1.848453290299782725e-01
8.179059680631091123e-01 -6.793917085560364361e-04 1.851440877346053060e-01
8.502478793033036997e-01 8.640260874625003973e-02 0.000000000000000000e+00
8.550205952147941213e-01 8.405751591413586354e-02 -3.672247849219861804e-02
8.585120418800731290e-01 8.004652130599444748e-02 -6.684764923349843790e-02
8.610448129692027663e-01 7.537069537113585960e-02 -9.146299090196322035e-02
8.629350308452720109e-01 7.040024730843411072e-02 -1.122149991268074076e-01
8.643726236771873683e-01 6.528052032228995327e-02 -1.301148875494638202e-01
8.654752014189319720e-01 6.007834771015599373e-02 -1.457628834312478250e-01
8.663214461256067978e-01 5.482838128555364565e-02 -1.595302825637736066e-01
8.669677503858173040e-01 4.955007015733649961e-02 -1.716567901717855338e-01
8.674567322300398287e-01 4.425486720380884809e-02 -1.823025671392863312e-01
8.678218271474423817e-01 3.894968263922355539e-02 -1.915774468846717649e-01
8.680898836599044710e-01 3.363871066893846934e-02 -1.995581808448584904e-01
8.682826888075291238e-01 2.832447471839237216e-02 -2.062990756812538851e-01
8.684178903132131477e-01 2.300846135160256045e-02 -2.118387749999081637e-01
8.685095667654451068e-01 1.769151928015460021e-02 -2.162046933431522322e-01
8.685685855414871925e-01 1.237411442937431938e-02 -2.194159579801386317e-01
8.686028276398133352e-01 7.056492306495579063e-03 -2.214853555414705855e-01
8.686173258914438033e-01 1.738779700146225043e-03 -2.224205833663669973e-01
8.686143440207613198e-01 -3.578951834208852524e-03 -2.222249876469632457e-01
8.502478793033036997e-01 8.640260874625003973e-02 0.000000000000000000e+00
8.449650210604859879e-01 8.579459036715285369e-02 3.684835050272539797e-02
8.404554763196208089e-01 8.297638459163501901e-02 6.612982554965617099e-02
8.367687260981864217e-01 7.914413324708827191e-02 8.894822158886787900e-02
8.336757430759034193e-01 7.481842710971645105e-02 1.074348304381317065e-01
8.310185660914669592e-01 7.021216093889995347e-02 1.228894485625962874e-01
8.287003376359193263e-01 6.542633871164196813e-02 1.360743912632967623e-01
8.266598960046349642e-01 6.051564878940612902e-02 1.474619888543473312e-01
8.248569555684032162e-01 5.551288122070702213e-02 1.573617112623734993e-01
8.232640115614829890e-01 5.043934133677546727e-02 1.659857139833544604e-01
8.218617576060563978e-01 4.530982270365622316e-02 1.734846121899480120e-01
8.206363637209773687e-01 4.013520316310658503e-02 1.799681571805000491e-01
8.195777826465594496e-01 3.492389971081065470e-02 1.855178218721531269e-01
8.186786548477793524e-01 2.968273125668822315e-02 1.901947840543034007e-01
8.179335775409852793e-01 2.441745468561166976e-02 1.940451696911137947e-01
8.173386058081695271e-01 1.913311118805424357e-02 1.971035798996931265e-01
8.168909081126485283e-01 1.383425807285541473e-02 1.993954948942937011e-01
8.165885282464004913e-01 8.525129709412410106e-03 2.009389197837864738e-01
8.164302258126198142e-01 3.209754096862879255e-03 2.017454762504817256e-01
8.164153763895297677e-01 -2.107957540454536739e-03 2.018210835911966039e-01
8.525989481709946860e-01 9.402485249046244054e-02 0.000000000000000000e+00
8.574029096949092876e-01 9.174445093815303265e-02 -3.594665111032239319e-02
8.610402558393664973e-01 8.786527698118362650e-02 -6.628604884775549100e-02
8.637427755000012253e-01 8.328546639045936173e-02 -9.160022981203588821e-02
8.657897825343001674e-01 7.837750960941924916e-02 -1.132552765519486415e-01
8.673624000054924732e-01 7.329763246008502708e-02 -1.321701908285304872e-01
8.685769435812339401e-01 6.812045548168720044e-02 -1.489126236005222093e-01
8.695129202836973104e-01 6.288574200571997452e-02 -1.638402720443769556e-01
8.702282913115557683e-01 5.761634717751361323e-02 -1.771857325548406581e-01
8.707676270513236005e-01 5.232603579510555769e-02 -1.891044257871558609e-01
8.711666041815070427e-01 4.702329171183906864e-02 -1.997024128466515225e-01
8.714545717104051903e-01 4.171336212046711928e-02 -2.090532073163384186e-01
8.716560552774682558e-01 3.639944812650459938e-02 -2.172083239181585301e-01
8.717916576141537810e-01 3.108344496912097965e-02 -2.242041109277501110e-01
8.718786049649559500e-01 2.576642346068078182e-02 -2.300662814145055246e-01
8.719310819309539218e-01 2.044895002576201104e-02 -2.348129696079476747e-01
8.719604386769757021e-01 1.513129868851826633e-02 -2.384568159898538542e-01
8.719753194111915517e-01 9.813587138727663389e-03 -2.410063883699359866e-01
8.719817416453435888e-01 4.495858646416715440e-03 -2.424671343050903149e-01
8.719831422981374480e-01 -8.218735395060508195e-04 -2.428419788193225126e-01
8.525989481709946860e-01 9.402485249046244054e-02 0.000000000000000000e+00
8.472962638693759541e-01 9.362508160558777326e-02 3.623838531500024607e-02
8.426248904430734266e-01 9.108410780110613725e-02 6.597817207974068787e-02
8.387349744590530953e-01 8.745825187452957450e-02 8.964479283682552646e-02
8.354374157479017571e-01 8.328639567979595482e-02 1.090241346163053071e-01
8.325808450984788500e-01 7.880105492486076668e-02 1.253579008583248500e-01
8.300674524009593602e-01 7.411478405015846371e-02 1.394055117658214715e-01
8.278340396904406706e-01 6.928879759892168921e-02 1.516466025064599765e-01
8.258385007334962946e-01 6.435968998857834189e-02 1.623986710183828730e-01
8.240519125850660487e-01 5.935105940218891180e-02 1.718808321951541263e-01
8.224539089930044122e-01 5.427911085327941088e-02 1.802494747259275332e-01
8.210298754178254610e-01 4.915559585478568999e-02 1.876192020587203468e-01
8.197691816079294425e-01 4.398946299928178233e-02 1.940756930332347419e-01
8.186640254384709436e-01 3.878783754139508017e-02 1.996839370235658495e-01
8.177086523838930088e-01 3.355662927851607580e-02 2.044936909211362841e-01
8.168988154563298076e-01 2.830092364427606519e-02 2.085431904759824095e-01
8.162313933799747456e-01 2.302524119221157836e-02 2.118617378164204257e-01
8.157041181827564547e-01 1.773371415085333094e-02 2.144715221391206295e-01
8.153153799536049240e-01 1.243020963475991239e-02 2.163889117807721862e-01
8.150640895568708189e-01 7.118417969084722338e-03 2.176253523544399715e-01
8.149495855385106013e-01 1.801918519935259352e-03 2.181879724278507626e-01
8.149715770913522617e-01 -3.515768377074642188e-03 2.180799543303152954e-01
8.550875967288419366e-01 1.016032924930181242e-01 0.000000000000000000e+00
8.599161341982656248e-01 9.937540033463201916e-02 -3.507477631046489186e-02
8.636842732704346215e-01 9.562314694555755501e-02 -6.537760552123783597e-02
8.665517462641362245e-01 9.114476819946884523e-02 -9.114988453097773446e-02
8.687593147036080099e-01 8.630690512285378591e-02 -1.135013261498326320e-01
8.704756857361530820e-01 8.127378004576028825e-02 -1.332517091918049013e-01
8.718133816028066363e-01 7.612704833220018674e-02 -1.509295014378106425e-01
8.728509964386526043e-01 7.091152985217738514e-02 -1.668746009769994099e-01
8.736467452746667917e-01 6.565367274561684230e-02 -1.813097277166903498e-01
8.742460937438164548e-01 6.036982386666930184e-02 -1.943834589889965048e-01
8.746860867526885519e-01 5.507032542670625003e-02 -2.061962214529364235e-01
8.749978493991118489e-01 4.976173977558199374e-02 -2.168164545399783871e-01
8.752080506476925814e-01 4.444816348478478063e-02 -2.262909841335682404e-01
8.753397636526843995e-01 3.913206254073347407e-02 -2.346518626994417711e-01
8.754129674810416928e-01 3.381483405565395561e-02 -2.419209640895838009e-01
8.754448372173183612e-01 2.849719718548908431e-02 -2.481131231975878815e-01
8.754499079791342453e-01 2.317946723273651977e-02 -2.532382984268367609e-01
8.754401660374093730e-01 1.786174378584699449e-02 -2.573030725324186863e-01
8.754250984875299180e-01 1.254403276211057787e-02 -2.603116950756555470e-01
8.754117196921514799e-01 7.226317221499045998e-03 -2.622667976748457308e-01
8.754045851553446944e-01 1.908589637143889330e-03 -2.631698682465840600e-01
8.754057983832174150e-01 -3.409142594842345941e-03 -2.630215362493478759e-01
8.550875967288419366e-01 1.016032924930181242e-01 0.000000000000000000e+00
8.497741805554496208e-01 1.013890820092398920e-01 3.554764257969695446e-02
8.449681069302885650e-01 9.911313520130296539e-02 6.553513106429161017e-02
8.408919351252941432e-01 9.569800694907053262e-02 8.988263682993122283e-02
8.374050606695938592e-01 9.168303695002798237e-02 1.100371219686341051e-01
8.343628365405468816e-01 8.732148333787652372e-02 1.271493905374504185e-01
8.316675031952024399e-01 8.273743973855272882e-02 1.419665040719945981e-01
8.292541630951629772e-01 7.799886747208167881e-02 1.549710467930564828e-01
8.270789994574290205e-01 7.314634846520419453e-02 1.664862743447461380e-01
8.251117102136614756e-01 6.820589802072203611e-02 1.767368542885951743e-01
8.233308917024020346e-01 6.319521313809542407e-02 1.858839354762007179e-01
8.217211760201117432e-01 5.812696955819363076e-02 1.940460955502298357e-01
8.202713979434640423e-01 5.301067978028826261e-02 2.013123771076316681e-01
8.189733844782859373e-01 4.785379713597266715e-02 2.077506860857296078e-01
8.178211289998646993e-01 4.266240186345917479e-02 2.134134081312779041e-01
8.168102145372607703e-01 3.744164238687673618e-02 2.183412549364784350e-01
8.159374013452314056e-01 3.219602758069369658e-02 2.225659705306243796e-01
8.152003268521186286e-01 2.692962475194713920e-02 2.261122726040182829e-01
8.145972857420841207e-01 2.164619603731159081e-02 2.289992543563756366e-01
8.141270674064492452e-01 1.634929389739434025e-02 2.312414109567805798e-01
8.137888369936049360e-01 1.104232887481746556e-02 2.328493835583411165e-01
8.135820510770809255e-01 5.728618575247634674e-03 2.338304799090173414e-01
8.135064000110231452e-01 4.114243452771424586e-04 2.341890323025561105e-01
8.135617747227141816e-01 -4.906019702790718161e-03 2.339266004664659060e-01
8.576980852265256861e-01 1.091406311692534048e-01 0.000000000000000000e+00
8.625462570625195280e-01 1.069557953832724201e-01 -3.413473178732617103e-02
8.664313761182905749e-01 1.033247999983247234e-01 -6.419046879949491524e-02
8.694578605488876288e-01 9.895230991207175364e-02 -9.019640339271943474e-02
8.718286281796538972e-01 9.419229537386515638e-02 -1.130409381629711996e-01
8.736973125869200718e-01 8.921371162453768655e-02 -1.334447495934112937e-01
8.751704019515099686e-01 8.410408489776408092e-02 -1.518936926959303935e-01
8.763238715060560624e-01 7.891295924432797926e-02 -1.687074188891221627e-01
8.772148128360935937e-01 7.367039297298165479e-02 -1.840972466065322055e-01
8.778884136507933977e-01 6.839549586446257157e-02 -1.982038092053703404e-01
8.783820660887764475e-01 6.310072629124216514e-02 -2.111208685084384196e-01
8.787277877511258106e-01 5.779424401998094901e-02 -2.229106458975850802e-01
8.789536421769792440e-01 5.248131005263770299e-02 -2.336139506862677240e-01
8.790845567120979531e-01 4.716518938550440243e-02 -2.432570253737644239e-01
8.791427736701786788e-01 4.184777569567181554e-02 -2.518562397587659207e-01
8.791480803726474669e-01 3.653004597313644353e-02 -2.594213339310230682e-01
8.791179117597012205e-01 3.121239917988098342e-02 -2.659576752748497031e-01
8.790673809786070381e-01 2.589490689467838225e-02 -2.714678231342940729e-01
8.790092752075302496e-01 2.057749198869307516e-02 -2.759526209648949235e-01
8.789540373506768978e-01 1.526004651720985414e-02 -2.794119594123644079e-01
8.789097442853259778e-01 9.942498615461436290e-03 -2.818453036152505087e-01
8.788820888884119054e-01 4.624838157887193810e-03 -2.832520579211817990e-01
8.788743661875331181e-01 -6.928886048299647687e-04 -2.836317966872506924e-01
8.576980852265256861e-01 1.091406311692534048e-01 0.000000000000000000e+00
8.523805810277141903e-01 1.090913700420969717e-01 3.480305558883402955e-02
8.474636974869012018e-01 1.070658987860407807e-01 6.485784380211263855e-02
8.432196978993429237e-01 1.038617225949064610e-01 8.973074084331801592e-02
8.395561966196662951e-01 1.000072400178495802e-01 1.105454471683316731e-01
8.363416396422941324e-01 9.577109778673228990e-02 1.283432108207090694e-01
8.334771462882472060e-01 9.129081259629540090e-02 1.438447508463493729e-01
8.308964558810093548e-01 8.664126266269778220e-02 1.575313215534294986e-01
8.285541235582140063e-01 8.186719135482906085e-02 1.697297747734702600e-01
8.264184732131019118e-01 7.699715283686538181e-02 1.806690918379156574e-01
8.244670506264993870e-01 7.205041376435261657e-02 1.905143590822075406e-01
8.226837241907613008e-01 6.704062091567863924e-02 1.993875031412232768e-01
8.210567965959295611e-01 6.197787618932690257e-02 2.073803729426885734e-01
8.195777434134313699e-01 5.686997258350491580e-02 2.145632431380889993e-01
8.182403444891154232e-01 5.172316370029721166e-02 2.209905435235388071e-01
8.170400734159716238e-01 4.654265919648666733e-02 2.267047976240374463e-01
8.159736555276173586e-01 4.133295378730801606e-02 2.317394319329617036e-01
8.150387451044583953e-01 3.609804977064297316e-02 2.361207862673488367e-01
8.142336838765423801e-01 3.084161048322286991e-02 2.398696007412050579e-01
8.135573194494526428e-01 2.556706702195584574e-02 2.430021186394643595e-01
8.130088680278240165e-01 2.027769290008275826e-02 2.455309110908132086e-01
8.125878109920900982e-01 1.497665634713520044e-02 2.474654925694285690e-01
8.122938182290908582e-01 9.667056944324167733e-03 2.488127733033184685e-01
8.121266931999907568e-01 4.351951415016637979e-03 2.495773815171450916e-01
8.120863362652518402e-01 -9.656278162544539370e-04 2.497618786742059060e-01
8.604137589662379515e-01 1.166407138792139031e-01 0.000000000000000000e+00
8.652779559701311296e-01 1.144917920401644779e-01 -3.314957371428528532e-02
8.692675692213390759e-01 1.109759331594906279e-01 -6.278671136744341796e-02
8.724459666692668813e-01 1.067125932450534581e-01 -8.882277019908264848e-02
8.749808491192273552e-01 1.020379115951536714e-01 -1.119644677794851828e-01
8.770092411548154887e-01 9.712223226132914167e-02 -1.328393661238996271e-01
8.786298205007314621e-01 9.205745189623749936e-02 -1.518903603476446373e-01
8.799144292440469473e-01 8.689721372928972676e-02 -1.694162338803565926e-01
8.809177152976320757e-01 8.167498291691570322e-02 -1.856167556495462168e-01
8.816833808162760633e-01 7.641266081763417595e-02 -2.006247103374773633e-01
8.822480387453892625e-01 7.112499224007404197e-02 -2.145272305840448257e-01
8.826435578166166307e-01 6.582198910719522233e-02 -2.273800882650218180e-01
8.828984607850265398e-01 6.051036957641903885e-02 -2.392174891240494428e-01
8.830387206235009723e-01 5.519448726576370312e-02 -2.500589192115009185e-01
8.830881754184267685e-01 4.987698486460900166e-02 -2.599139971559553119e-01
8.830687014699263315e-01 4.455928815189991871e-02 -2.687859049875346296e-01
8.830002455764932590e-01 3.924199642079455319e-02 -2.766738143649020154e-01
8.829007774786786777e-01 3.392519440637420391e-02 -2.835745671318649075e-01
8.827862098568163285e-01 2.860869632746474225e-02 -2.894838426990108404e-01
8.826703088328019531e-01 2.329222714993163176e-02 -2.943969496304711386e-01
8.825646135559861438e-01 1.797554528325143869e-02 -2.983093767152854570e-01
8.824783688448363250e-01 1.265851233123526168e-02 -3.012171679349672226e-01
8.824184756766360049e-01 7.341117257382829761e-03 -3.031171902771202520e-01
8.823894555491202940e-01 2.023464072450011260e-03 -3.040073079501542930e-01
8.823934301963703986e-01 -3.294266812542799225e-03 -3.038864990449755554e-01
8.604137589662379515e-01 1.166407138792139031e-01 0.000000000000000000e+00
8.550972890268077053e-01 1.165248478092799495e-01 3.660786955271370241e-02
8.500292358656805769e-01 1.149145327099850844e-01 6.434713315275598922e-02
8.456452795597128036e-01 1.119046814395079359e-01 8.955325447813942963e-02
8.418242574296002090e-01 1.082062942985751175e-01 1.108722169113708078e-01
8.384533540490649584e-01 1.040934743460215223e-01 1.292329505355814534e-01
8.354363355562782756e-01 9.971444740191508227e-02 1.453144140990436373e-01
8.327040092887083578e-01 9.515235679227410093e-02 1.595874175363698189e-01
8.302095971148197862e-01 9.045595546042609070e-02 1.723787970672130132e-01
8.279201712243160483e-01 8.565628811206556226e-02 1.839197212334513221e-01
8.258122868458155352e-01 8.077416756768111827e-02 1.943778482351554149e-01
8.238690810660926900e-01 7.582419495556710909e-02 2.038775110837535709e-01
8.220783478237571051e-01 7.081704486616280381e-02 2.125126519210189247e-01
8.204312345227848802e-01 6.576083132866386571e-02 2.203553292181565371e-01
8.189213370505381562e-01 6.066196016081405046e-02 2.274614825068576596e-01
8.175440566348223248e-01 5.552567977326580001e-02 2.338749426957910660e-01
8.162961339897993884e-01 5.035644708019942906e-02 2.396302769599720217e-01
8.151753041301567082e-01 4.515817640729669069e-02 2.447548634296776160e-01
8.141800366853872983e-01 3.993441145504152828e-02 2.492704291042479592e-01
8.133093384241688595e-01 3.468844518552183231e-02 2.531942020987966724e-01
8.125626019243329390e-01 2.942340366974629737e-02 2.565397819262923984e-01
8.119394872641534366e-01 2.414230476106293127e-02 2.593178200276111123e-01
8.114398322695808297e-01 1.884809826250001541e-02 2.615365240479438635e-01
8.110635828406805858e-01 1.354369311863332093e-02 2.632020519721566809e-01
8.108107411849105883e-01 8.231975066991772255e-03 2.643188018672406048e-01
8.106813290287888663e-01 2.915817614764166892e-03 2.648896162606157456e-01
8.106753636287556963e-01 -2.401911409643678851e-03 2.649159160251325917e-01
8.632171171472213800e-01 1.241084650417744323e-01 0.000000000000000000e+00
8.680947816509236858e-01 1.219902897533836489e-01 -3.213862052590412549e-02
8.721777561423493808e-01 1.185832974044937344e-01 -6.122230125864679823e-02
8.755000026462811391e-01 1.144310744179309197e-01 -8.710979278938536796e-02
8.781978964947733113e-01 1.098485373100293178e-01 -1.103650255762694543e-01
8.803914448902767642e-01 1.050043012505859352e-01 -1.315323907032648898e-01
8.821703498298104629e-01 9.999293668800124379e-02 -1.510139859463072720e-01
8.836011551760258875e-01 9.487130866321573375e-02 -1.690886850216088422e-01
8.847349495820766574e-01 8.967585028037450279e-02 -1.859458257331991216e-01
8.856128393925959408e-01 8.443108269318690129e-02 -2.017116678962304621e-01
8.862695293043911793e-01 7.915405361208704971e-02 -2.164679846316929779e-01
8.867356042621804546e-01 7.385678528805919574e-02 -2.302650557303198009e-01
8.870389412166405085e-01 6.854771152184666039e-02 -2.431309451878004846e-01
8.872055330001790141e-01 6.323258925225730409e-02 -2.550782908516172620e-01
8.872599082945593629e-01 5.791513489040442386e-02 -2.661093338737626768e-01
8.872252806776591560e-01 5.259751526399497612e-02 -2.762196469639605079e-01
8.871235226771495563e-01 4.728075658296012479e-02 -2.854008523718075674e-01
8.869750384268511034e-01 4.196509764069901449e-02 -2.936425516909221267e-01
8.867985896733602269e-01 3.665029346740921595e-02 -3.009336544086288479e-01
8.866111124925206699e-01 3.133586688783436547e-02 -3.072632633763922039e-01
8.864275474431825286e-01 2.602130374156461090e-02 -3.126212473365247435e-01
8.862606974411875171e-01 2.070618957159032700e-02 -3.169986178430798107e-01
8.861211152067610675e-01 1.539028942553230528e-02 -3.203877750817213377e-01
8.860429115453779536e-01 1.007313212577396096e-02 -3.228484394924696632e-01
8.859981138666280787e-01 4.755588451199600081e-03 -3.242913116596836121e-01
8.859852277516826469e-01 -5.621283061191641520e-04 -3.246998827701391699e-01
8.632171171472213800e-01 1.241084650417744323e-01 0.000000000000000000e+00
8.579037504790050228e-01 1.238930301046948096e-01 3.864224098332416646e-02
8.527191565805728457e-01 1.227105481084820177e-01 6.358986952749874633e-02
8.482099410791372751e-01 1.198918155697972915e-01 8.902483795698171165e-02
8.442460590900773276e-01 1.163469718299642852e-01 1.107662857650345278e-01
8.407274806578156623e-01 1.123597568396420693e-01 1.296135307253650504e-01
8.375667064318075283e-01 1.080833349877629024e-01 1.462083125929322935e-01
8.346941482027914194e-01 1.036082163542583895e-01 1.610051687416593491e-01
8.320590604283852887e-01 9.898927816629758680e-02 1.743277252137065136e-01
8.296272041227754634e-01 9.426018179681083797e-02 1.864085945633983943e-01
8.273740474018197455e-01 8.944338178499393333e-02 1.974176078546465152e-01
8.252819203968019268e-01 8.455448802894825755e-02 2.074812557546141245e-01
8.233380489661364932e-01 7.960477678241377475e-02 2.166953936066643993e-01
8.215332099511006847e-01 7.460269384699258488e-02 2.251337066993632230e-01
8.198607882183418516e-01 6.955479496618849344e-02 2.328534931566818567e-01
8.183161016897987361e-01 6.446635501944995850e-02 2.398997097140018187e-01
8.168959090305690784e-01 5.934177402451024097e-02 2.463078603243921694e-01
8.155980425584542504e-01 5.418485438352423078e-02 2.521061156157743954e-01
8.144211316701470693e-01 4.899899299663668800e-02 2.573168793104986807e-01
8.133643895140066915e-01 4.378731633950772723e-02 2.619579855240947164e-01
8.124274482379845175e-01 3.855277542283574305e-02 2.660436083387926476e-01
8.116102293514734223e-01 3.329821256237277399e-02 2.695849735060510954e-01
8.109128424416173209e-01 2.802640745776310838e-02 2.725909061544339873e-01
8.103355040107240725e-01 2.274010838381346211e-02 2.750682735975333304e-01
8.098784755427355098e-01 1.744205189652727611e-02 2.770223135251110302e-01
8.095420144062851486e-01 1.213497440823999018e-02 2.784568996836910837e-01
8.093263378632337135e-01 6.821617541643831654e-03 2.793747323924470893e-01
8.092315970860161078e-01 1.504729189594356496e-03 2.797774786211759124e-01
8.092578614737203635e-01 -3.812938320222865676e-03 2.796658540712899099e-01
