9.002807409337214573e-01 2.293169848201606908e-01 0.000000000000000000e+00
9.077949048808992005e-01 2.266405198583602287e-01 -3.099265249083903856e-02
9.148615535811789323e-01 2.229407089626999627e-01 -5.683361739031952270e-02
9.213011421222150332e-01 2.182334991799340096e-01 -8.233501128618728182e-02
9.272392476721745824e-01 2.129076164367306734e-01 -1.058245375664924326e-01
9.327222451486174570e-01 2.071142699780651464e-01 -1.277921084720823885e-01
9.377916705039843759e-01 2.009557757560028746e-01 -1.485805592197133040e-01
9.424815002366576655e-01 1.945035186629117396e-01 -1.684566767651746733e-01
9.468161261605370083e-01 1.878074644056013931e-01 -1.876430532886989577e-01
9.508139233632999510e-01 1.809050197631292822e-01 -2.063274267770178194e-01
9.544887969277032758e-01 1.738253708451065471e-01 -2.246751280643654591e-01
9.578513741275929139e-01 1.665921696802284968e-01 -2.428383843107437268e-01
9.609099272451505636e-01 1.592252587031710298e-01 -2.609636357874466350e-01
9.636712011237305031e-01 1.517418443030269792e-01 -2.791976743959591056e-01
9.660916345280373685e-01 1.441413425661594305e-01 -2.977229114440264057e-01
9.681784562368376257e-01 1.364425569689050877e-01 -3.166923165205296486e-01
9.699395846356364537e-01 1.286628043198965454e-01 -3.362796959651671580e-01
9.713723784696386421e-01 1.208159433968231389e-01 -3.566886770999114775e-01
9.724382511363623971e-01 1.129108791987825933e-01 -3.781580855236762462e-01
9.730905405758548676e-01 1.049609959918456625e-01 -4.009485745402722179e-01
9.732481240948515078e-01 9.698595417682351338e-02 -4.253248407336339687e-01
9.727699195313103120e-01 8.902370293033427806e-02 -4.514684616546714713e-01
9.714231400203634514e-01 8.116162245086162852e-02 -4.792026069568370295e-01
9.689102672856257925e-01 7.359118024872947361e-02 -5.073616645296008532e-01
9.651286826503528982e-01 6.656795149244655596e-02 -5.334536802514959763e-01
9.604680818862192382e-01 6.009455014275655316e-02 -5.555252051837726857e-01
9.555308714082852983e-01 5.382956193738935163e-02 -5.738525593059293772e-01
9.507694816980637453e-01 4.742992971794052215e-02 -5.895853076292409956e-01
9.472567764028761994e-01 4.026843364337814174e-02 -6.086978703320327089e-01
9.416303344259335795e-01 3.461429576064935926e-02 -6.068917144907273187e-01
9.352688887964790698e-01 2.980200586702226595e-02 -5.931606693430231392e-01
9.295618677512388350e-01 2.422921165711315258e-02 -5.805722547289591251e-01
9.249272644686977740e-01 1.773717215243741929e-02 -5.708709517482903895e-01
9.215062197512191577e-01 1.053143988168083953e-02 -5.635419793653027032e-01
9.193383048075808306e-01 2.855095093048635839e-03 -5.579102645470090938e-01
9.184290622767938839e-01 -5.069512312811877940e-03 -5.535082549321661549e-01
