9.002807409337214573e-01 2.293169848201606908e-01 0.000000000000000000e+00
8.924798454923370539e-01 2.276520058925464995e-01 5.845208510495545490e-02
8.845292894226423064e-01 2.282960421488633984e-01 7.132926928539412570e-02
8.765766832385593066e-01 2.276778355509568585e-01 9.104458202487944463e-02
8.695539779252126067e-01 2.238952789289480327e-01 1.200843791920108428e-01
8.631868846961063824e-01 2.190904638098533086e-01 1.466730045220307754e-01
8.573346950085271034e-01 2.136703161755722780e-01 1.708168064010983922e-01
8.518025771965985760e-01 2.079238566541143363e-01 1.928367666007113068e-01
8.464305091443310447e-01 2.020275010543716165e-01 2.131195942605949578e-01
8.411357636822585082e-01 1.960616151177588529e-01 2.320160886116592880e-01
8.359022176838749596e-01 1.900419705435656137e-01 2.498032940815592684e-01
8.307422938988434646e-01 1.839591002466188230e-01 2.666791381802437466e-01
8.256702573224481423e-01 1.778027564059517507e-01 2.827783170721890893e-01
8.206962258722951820e-01 1.715669616971997047e-01 2.981932846263350423e-01
8.158262537704216166e-01 1.652495653787956764e-01 3.129893076992568690e-01
8.110633435504581712e-01 1.588510647143134835e-01 3.272139476066297514e-01
8.064111500259528720e-01 1.523716187559492619e-01 3.409018001123078068e-01
8.018713603013136737e-01 1.458129272879145344e-01 3.540786785499762668e-01
7.974471113938350619e-01 1.391757482093085307e-01 3.667626205082956115e-01
7.931425817786914578e-01 1.324603070987661613e-01 3.789651204773428761e-01
7.889618839203846878e-01 1.256670832739271715e-01 3.906927561381768887e-01
7.849102701417102201e-01 1.187960898737508708e-01 4.019471233511028307e-01
7.809963778157811287e-01 1.118457250359999600e-01 4.127231438158179833e-01
7.772259587161886030e-01 1.048164957517726120e-01 4.230146164335074621e-01
7.736122287616341575e-01 9.770544236058172072e-02 4.328050059587548182e-01
7.701633824367634107e-01 9.051297522167611742e-02 4.420792971725692189e-01
7.668960057157077070e-01 8.323627446655953999e-02 4.508105155577210033e-01
7.638231745692065644e-01 7.587530759651428536e-02 4.589722466112794441e-01
7.609625295197072203e-01 6.842931307478744563e-02 4.665299516477977582e-01
7.583339647251287063e-01 6.089825925493504849e-02 4.734434392078460396e-01
7.559539887832698035e-01 5.328499195153737350e-02 4.796746550785865315e-01
7.538469071685056644e-01 4.559172661193455767e-02 4.851735620392266801e-01
7.520310629095676713e-01 3.782456277021645219e-02 4.898971049850663340e-01
7.505291005429962636e-01 2.999064717415501902e-02 4.937961832379785809e-01
7.493559776227540770e-01 2.210078614047301243e-02 4.968336601246171602e-01
7.485318998775274402e-01 1.416687031115939147e-02 4.989668149826534949e-01
7.480633627557266019e-01 6.204044337781237581e-03 5.001762167700366524e-01
7.479613548592656258e-01 -1.771901932465996116e-03 5.004397231120240042e-01
