8.368785600000000491e-01 0.000000000000000000e+00
8.369961299999999493e-01 7.975730000000000319e-03
8.373481200000000291e-01 1.594455999999999998e-02
8.379323600000000427e-01 2.389973000000000097e-02
8.387452399999999475e-01 3.183480999999999811e-02
8.397817600000000438e-01 3.974376999999999771e-02
8.410355200000000364e-01 4.762121999999999883e-02
8.424987999999999921e-01 5.546245000000000341e-02
8.441625499999999560e-01 6.326360999999999790e-02
8.460164999999999491e-01 7.102176999999999796e-02
8.480491500000000293e-01 7.873502999999999752e-02
8.502478799999999559e-01 8.640261000000000469e-02
8.525989499999999666e-01 9.402484999999999316e-02
8.550875999999999477e-01 1.016032899999999989e-01
8.576980899999999686e-01 1.091406300000000024e-01
8.604137600000000274e-01 1.166407099999999947e-01
8.632171199999999489e-01 1.241084600000000038e-01
8.660898900000000289e-01 1.315497899999999998e-01
8.690131199999999723e-01 1.389714300000000069e-01
8.719672899999999505e-01 1.463808199999999948e-01
8.749324499999999727e-01 1.537858099999999950e-01
8.778502900000000331e-01 1.612095799999999912e-01
8.805490000000000261e-01 1.687157900000000044e-01
8.831664399999999970e-01 1.762507100000000049e-01
