6.664886474609375540e-12 3.076855604176373937e+00
1.697021484374999719e-12 1.538427802088186969e+00
1.210876464843750192e-12 1.025618534725458053e+00
1.950626845099094619e-02 7.692139010440934843e-01
1.105450439453125120e-11 6.153711208352747875e-01
1.102050781249999981e-12 5.128092673627290266e-01
3.039367675781250353e-12 4.395508005966248244e-01
5.118525105335418324e-02 3.846069505220467422e-01
4.680725097656250365e-12 3.418728449084860177e-01
1.191235351562500135e-11 3.076855604176373937e-01
8.317321777343749381e-12 2.797141458342158327e-01
1.553759765625000203e-11 2.564046336813645133e-01
1.845086669921875157e-11 2.366812003212595272e-01
