1.213701231370358164e-11 2.785995628545623326e+00
7.132370886164837129e-12 1.392997814272811663e+00
6.812955949626365351e-12 9.286652095152078124e-01
6.734655796296293053e-12 6.964989071364058315e-01
6.660380136174040402e-12 5.571991257091246652e-01
6.652390327527496685e-12 4.643326047576039062e-01
6.673163843273410489e-12 3.979993755065175942e-01
6.693108791379477931e-12 3.482494535682029158e-01
6.693878180830000769e-12 3.095550698384025856e-01
6.718439467360232056e-12 2.785995628545623326e-01
6.721694611616532377e-12 2.532723298677839185e-01
6.723529286844428790e-12 2.321663023788019531e-01
6.753653835131977997e-12 2.143073560419710144e-01
6.770994693467785699e-12 1.989996877532587971e-01
