2.617515563964843283e-11 3.141592653589793116e+00
2.398803710937499807e-12 1.570796326794896558e+00
1.701904296875000005e-12 1.300000000000000044e+00
1.394165039062500020e-12 1.047197551196597631e+00
1.103515625000000026e-12 7.853981633974482790e-01
1.060668945312499909e-12 6.283185307179586232e-01
1.134765625000000120e-12 5.235987755982988157e-01
9.884033203124999568e-13 4.487989505128275880e-01
9.673461914062499096e-13 4.500000000000000111e-01
1.069213867187500107e-12 3.926990816987241395e-01
1.041137695312499977e-12 3.499999999999999778e-01
1.082519531250000048e-12 3.490658503988658956e-01
1.135864257812499952e-12 3.141592653589793116e-01
1.110351562500000104e-12 2.855993321445266520e-01
