1.207630463570333786e-11 3.312067392928603304e+00
1.668893850329034688e-12 1.656033696464301652e+00
9.995548139211359432e-13 1.104022464309534435e+00
7.180979871386940204e-13 8.280168482321508261e-01
6.933078920003000470e-13 6.624134785857206387e-01
7.105352450717559604e-13 5.520112321547672174e-01
6.767412904506913153e-13 4.731524847040861625e-01
6.150956239541852857e-13 4.140084241160754130e-01
6.861052200675681140e-13 3.680074881031781264e-01
7.184587481608550226e-13 3.312067392928603193e-01
7.032723273009054842e-13 3.010970357207821135e-01
7.705604009217699364e-13 2.760056160773836087e-01
8.061551920870859802e-13 2.547744148406617670e-01
7.738016751002545045e-13 2.365762423520430813e-01
