1.420964050292968744e-11 3.415495297935271068e+00
1.322570800781250021e-12 1.707747648967635534e+00
8.753662109375000190e-13 1.138498432645090430e+00
6.770629882812499276e-13 8.538738244838177671e-01
6.148681640625000855e-13 6.830990595870541915e-01
5.603637695312500781e-13 5.692492163225452151e-01
6.010742187499999943e-13 4.879278997050387479e-01
6.033325195312500307e-13 4.269369122419088836e-01
6.109619140625000990e-13 3.794994775483634397e-01
6.078491210937500025e-13 3.415495297935270957e-01
6.431884765624999877e-13 3.104995725395701123e-01
7.075805664062499989e-13 2.846246081612726075e-01
6.782836914062501000e-13 2.627304075334823685e-01
