2.398803710937499807e-12 1.570796326794896558e+00
1.103515625000000026e-12 7.853981633974482790e-01
1.134765625000000120e-12 5.235987755982988157e-01
1.069213867187500107e-12 3.926990816987241395e-01
1.135864257812499952e-12 3.141592653589793116e-01
1.131713867187500093e-12 2.617993877991494078e-01
1.247924804687499995e-12 2.243994752564137940e-01
1.302368164062500135e-12 1.963495408493620697e-01
1.384155273437499979e-12 1.745329251994329478e-01
1.521362304687500060e-12 1.570796326794896558e-01
