1.103515625000000026e-12 7.853981633974482790e-01
1.202819824218749942e-12 7.573482289903965547e-01
1.102600097656249998e-12 7.292982945833448305e-01
1.107177734375000140e-12 7.012483601762931062e-01
1.000671386718750135e-12 6.731984257692413820e-01
1.067077636718749906e-12 6.451484913621896577e-01
1.022827148437500217e-12 6.170985569551379335e-01
9.837646484374999476e-13 5.890486225480862092e-01
1.070800781250000089e-12 5.609986881410344850e-01
1.043212890625000108e-12 5.329487537339827607e-01
1.022766113281249945e-12 5.048988193269310365e-01
1.041076660156249907e-12 4.768488849198793122e-01
9.884033203124999568e-13 4.487989505128275880e-01
9.979858398437499174e-13 4.207490161057758637e-01
1.069213867187500107e-12 3.926990816987241395e-01
