2.617516000000000133e-11
2.398804000000000125e-12
1.701903999999999934e-12
1.394165000000000048e-12
1.103516000000000041e-12
1.202819819999999975e-12
1.102600100000000025e-12
1.107177730000000077e-12
1.000671389999999930e-12
1.067077639999999903e-12
1.060668949999999962e-12
1.022827149999999965e-12
9.837646479999999615e-13
1.070800779999999927e-12
1.043212889999999926e-12
1.134765629999999962e-12
1.022766109999999949e-12
1.041076660000000013e-12
9.673461910000000235e-13
9.884033199999999667e-13
9.979858400000000134e-13
1.069213870000000018e-12
1.041137700000000030e-12
1.082519530000000088e-12
1.135864260000000085e-12
1.110351559999999981e-12
1.131713867187500093e-12
1.157348632812500080e-12
1.247924804687499995e-12
1.308715820312500062e-12
1.302368164062500135e-12
1.384155273437499979e-12
1.717407226562499812e-12
1.768676757812499989e-12
1.976074218749999891e-12
